1	1971	1985	10	0	0	0	7200	0	3600	D	-
1	1972	1972	2	27	-1	0	7200	0	0	S	-
1	1973	1981	3	1	0	1	7200	0	0	S	-
1	1982	1982	4	1	0	1	7200	0	0	S	-
1	1983	1985	3	1	0	1	7200	0	0	S	-
1	1986	1989	3	15	0	1	7200	0	0	S	-
1	1986	1986	10	19	-1	0	7200	0	3600	D	-
1	1987	1999	10	0	0	0	7200	0	3600	D	-
1	1990	1995	3	1	0	1	7200	0	0	S	-
1	1996	2005	3	0	0	0	7200	0	0	S	-
1	2000	2000	8	0	0	0	7200	0	3600	D	-
1	2001	2007	10	0	0	0	7200	0	3600	D	-
1	2006	2006	4	1	0	1	7200	0	0	S	-
1	2007	2007	3	0	0	0	7200	0	0	S	-
1	2008	-1	4	1	0	1	7200	0	0	S	-
1	2008	-1	10	1	0	1	7200	0	3600	D	-
2	1971	1971	10	0	0	0	7200	0	3600	D	-
2	1972	1972	2	0	0	0	7200	0	0	S	-
2	1989	1991	10	0	0	0	7200	0	3600	D	-
2	1990	1992	3	1	0	1	7200	0	0	S	-
3	1971	1985	10	0	0	0	7200	0	3600	D	-
3	1986	1986	10	19	-1	0	7200	0	3600	D	-
3	1987	2007	10	0	0	0	7200	0	3600	D	-
3	1972	1972	2	27	-1	0	7200	0	0	S	-
3	1973	1985	3	1	0	1	7200	0	0	S	-
3	1986	1990	3	15	0	1	7200	0	0	S	-
3	1991	1991	3	3	-1	0	7200	0	0	S	-
3	1992	1992	3	22	-1	0	7200	0	0	S	-
3	1993	1993	3	7	-1	0	7200	0	0	S	-
3	1994	1994	3	20	-1	0	7200	0	0	S	-
3	1995	2005	3	0	0	0	7200	0	0	S	-
3	2006	2006	4	2	-1	0	7200	0	0	S	-
3	2007	2007	3	0	0	0	7200	0	0	S	-
3	2008	-1	4	1	0	1	7200	0	0	S	-
3	2008	-1	10	1	0	1	7200	0	3600	D	-
4	1916	1916	10	1	0	1	7200	0	3600	D	-
4	1917	1917	3	0	0	0	7200	0	0	S	-
4	1917	1918	10	22	0	1	7200	0	3600	D	-
4	1918	1919	3	1	0	1	7200	0	0	S	-
4	1967	1967	10	1	0	1	7200	0	3600	D	-
4	1968	1968	3	29	0	1	7200	0	0	S	-
4	1968	1985	10	0	0	0	7200	0	3600	D	-
4	1969	1971	3	8	0	1	7200	0	0	S	-
4	1972	1972	2	0	0	0	7200	0	0	S	-
4	1973	1981	3	1	0	1	7200	0	0	S	-
4	1982	1983	3	0	0	0	7200	0	0	S	-
4	1984	1986	3	1	0	1	7200	0	0	S	-
4	1986	1986	10	15	0	1	7200	0	3600	D	-
4	1987	1990	3	15	0	1	7200	0	0	S	-
4	1987	1987	10	22	0	1	7200	0	3600	D	-
4	1988	1990	10	0	0	0	7200	0	3600	D	-
4	1991	1999	10	1	0	1	7200	0	3600	D	-
4	1991	2005	3	0	0	0	7200	0	0	S	-
4	2000	2000	8	0	0	0	7200	0	3600	D	-
4	2001	-1	10	1	0	1	7200	0	3600	D	-
4	2006	2006	4	1	0	1	7200	0	0	S	-
4	2007	2007	3	0	0	0	7200	0	0	S	-
4	2008	-1	4	1	0	1	7200	0	0	S	-
5	1971	1985	10	0	0	0	7200	0	3600	D	-
5	1972	1972	2	0	0	0	7200	0	0	S	-
5	1973	1985	3	1	0	1	7200	0	0	S	-
5	1986	1990	3	15	0	1	7200	0	0	S	-
5	1986	1987	10	15	0	1	7200	0	3600	D	-
5	1988	1999	10	0	0	0	7200	0	3600	D	-
5	1991	1994	3	1	0	1	7200	0	0	S	-
5	1995	2005	3	0	0	0	7200	0	0	S	-
5	2000	2000	8	0	0	0	7200	0	3600	D	-
5	2001	2007	10	0	0	0	7200	0	3600	D	-
5	2006	2006	4	1	0	1	7200	0	0	S	-
5	2007	2007	3	0	0	0	7200	0	0	S	-
5	2008	-1	4	1	0	1	7200	0	0	S	-
5	2008	-1	10	1	0	1	7200	0	3600	D	-
6	1974	1974	10	0	0	0	7200	0	3600	D	-
6	1975	1975	3	1	0	1	7200	0	0	S	-
6	1983	1983	10	0	0	0	7200	0	3600	D	-
6	1984	1984	3	1	0	1	7200	0	0	S	-
6	1991	1991	11	17	-1	0	7200	0	3600	D	-
6	1992	1992	3	1	0	1	7200	0	0	S	-
6	2006	2006	12	3	-1	0	7200	0	3600	D	-
6	2007	2009	3	0	0	0	7200	0	0	S	-
6	2007	2008	10	0	0	0	7200	0	3600	D	-
7	1940	1940	6	16	-1	0	0	0	3600	S	-
7	1942	1942	11	2	-1	0	10800	0	0	-	-
7	1943	1943	3	29	-1	0	7200	0	3600	S	-
7	1943	1943	4	10	-1	0	10800	0	0	-	-
7	1974	1974	5	4	-1	0	0	0	3600	S	-
7	1974	1974	10	2	-1	0	0	0	0	-	-
7	1975	1975	5	1	-1	0	0	0	3600	S	-
7	1975	1975	10	2	-1	0	0	0	0	-	-
7	1976	1976	5	2	-1	0	0	0	3600	S	-
7	1976	1976	10	3	-1	0	0	0	0	-	-
7	1977	1977	5	8	-1	0	0	0	3600	S	-
7	1977	1977	10	2	-1	0	0	0	0	-	-
7	1978	1978	5	6	-1	0	0	0	3600	S	-
7	1978	1978	10	1	-1	0	0	0	0	-	-
7	1979	1979	5	5	-1	0	0	0	3600	S	-
7	1979	1979	9	30	-1	0	0	0	0	-	-
7	1980	1980	5	3	-1	0	0	0	3600	S	-
7	1980	1980	10	4	-1	0	0	0	0	-	-
7	1981	1981	4	26	-1	0	0	0	3600	S	-
7	1981	1981	9	27	-1	0	0	0	0	-	-
7	1982	1982	5	2	-1	0	0	0	3600	S	-
7	1982	1982	10	3	-1	0	0	0	0	-	-
7	1983	1983	4	18	-1	0	0	0	3600	S	-
7	1983	1983	10	1	-1	0	0	0	0	-	-
7	1984	1984	4	1	-1	0	0	0	3600	S	-
8	1916	1916	6	14	-1	0	82800	0	3600	S	-
8	1916	1919	10	1	0	1	82800	0	0	-	-
8	1917	1917	3	24	-1	0	82800	0	3600	S	-
8	1918	1918	3	9	-1	0	82800	0	3600	S	-
8	1919	1919	3	1	-1	0	82800	0	3600	S	-
8	1920	1920	2	14	-1	0	82800	0	3600	S	-
8	1920	1920	10	23	-1	0	82800	0	0	-	-
8	1921	1921	3	14	-1	0	82800	0	3600	S	-
8	1921	1921	6	21	-1	0	82800	0	0	-	-
8	1939	1939	9	11	-1	0	82800	0	3600	S	-
8	1939	1939	11	19	-1	0	3600	0	0	-	-
8	1944	1945	4	1	1	1	7200	0	3600	S	-
8	1944	1944	10	8	-1	0	7200	0	0	-	-
8	1945	1945	9	16	-1	0	3600	0	0	-	-
8	1971	1971	4	25	-1	0	82800	0	3600	S	-
8	1971	1971	9	26	-1	0	82800	0	0	-	-
8	1977	1977	5	6	-1	0	0	0	3600	S	-
8	1977	1977	10	21	-1	0	0	0	0	-	-
8	1978	1978	3	24	-1	0	3600	0	3600	S	-
8	1978	1978	9	22	-1	0	10800	0	0	-	-
8	1980	1980	4	25	-1	0	0	0	3600	S	-
8	1980	1980	10	31	-1	0	7200	0	0	-	-
9	1930	1930	12	1	-1	0	0	0	3600	-	-
9	1931	1931	4	1	-1	0	0	0	0	-	-
9	1931	1931	10	15	-1	0	0	0	3600	-	-
9	1932	1940	3	1	-1	0	0	0	0	-	-
9	1932	1939	11	1	-1	0	0	0	3600	-	-
9	1940	1940	7	1	-1	0	0	0	3600	-	-
9	1941	1941	6	15	-1	0	0	0	0	-	-
9	1941	1941	10	15	-1	0	0	0	3600	-	-
9	1943	1943	8	1	-1	0	0	0	0	-	-
9	1943	1943	10	15	-1	0	0	0	3600	-	-
9	1946	1946	3	1	-1	0	0	0	0	-	-
9	1946	1946	10	1	-1	0	0	0	3600	-	-
9	1963	1963	10	1	-1	0	0	0	0	-	-
9	1963	1963	12	15	-1	0	0	0	3600	-	-
9	1964	1966	3	1	-1	0	0	0	0	-	-
9	1964	1966	10	15	-1	0	0	0	3600	-	-
9	1967	1967	4	2	-1	0	0	0	0	-	-
9	1967	1968	10	1	0	1	0	0	3600	-	-
9	1968	1969	4	1	0	1	0	0	0	-	-
9	1974	1974	1	23	-1	0	0	0	3600	-	-
9	1974	1974	5	1	-1	0	0	0	0	-	-
9	1988	1988	12	1	-1	0	0	0	3600	-	-
9	1989	1993	3	1	0	1	0	0	0	-	-
9	1989	1992	10	15	0	1	0	0	3600	-	-
9	1999	1999	10	1	0	1	0	0	3600	-	-
9	2000	2000	3	3	-1	0	0	0	0	-	-
9	2007	2007	12	30	-1	0	0	0	3600	-	-
9	2008	2009	3	15	0	1	0	0	0	-	-
9	2008	2008	10	15	0	1	0	0	3600	-	-
10	2011	2011	3	0	0	0	7200	0	3600	-	-
10	2011	2011	10	0	0	0	7200	0	0	-	-
11	1917	1917	1	1	-1	0	7200	0	3600	D	-
11	1917	1917	3	0	0	0	7200	0	0	S	-
11	1942	1942	1	1	-1	0	7200	0	3600	D	-
11	1942	1942	3	0	0	0	7200	0	0	S	-
11	1942	1942	9	27	-1	0	7200	0	3600	D	-
11	1943	1944	3	0	0	0	7200	0	0	S	-
11	1943	1943	10	3	-1	0	7200	0	3600	D	-
12	1920	1920	4	5	-1	0	7200	0	3600	S	-
12	1920	1920	9	13	-1	0	7200	0	0	-	-
12	1946	1946	4	14	-1	0	7200	0	3600	S	-
12	1946	1946	10	7	-1	0	7200	0	0	-	-
12	1947	1948	10	1	0	1	7200	0	0	-	-
12	1947	1947	4	6	-1	0	7200	0	3600	S	-
12	1948	1948	4	18	-1	0	7200	0	3600	S	-
12	1980	1980	4	6	-1	0	0	0	3600	S	-
12	1980	1980	9	28	-1	0	0	0	0	-	-
13	1997	2015	3	0	0	0	14400	0	3600	-	-
13	1997	2015	10	0	0	0	18000	0	0	-	-
14	1942	1942	4	19	-1	0	18000	1	3600	D	-
14	1942	1942	8	31	-1	0	21600	1	0	S	-
14	1943	1943	5	2	-1	0	18000	1	3600	D	-
14	1943	1943	9	5	-1	0	21600	1	0	S	-
14	1944	1944	4	10	-1	0	18000	1	1800	-	-
14	1944	1944	9	10	-1	0	21600	1	0	S	-
14	1977	1977	6	12	-1	0	7200	0	3600	D	-
14	1977	1978	10	1	0	1	7200	0	0	S	-
14	1978	1980	4	15	0	1	7200	0	3600	D	-
14	1979	1979	9	30	-1	0	7200	0	0	S	-
14	1980	1980	9	25	-1	0	7200	0	0	S	-
15	1918	1918	3	9	-1	0	0	0	3600	S	-
15	1918	1919	10	1	6	1	82800	0	0	-	-
15	1919	1919	3	1	-1	0	82800	0	3600	S	-
15	1920	1920	2	14	-1	0	82800	0	3600	S	-
15	1920	1920	10	23	-1	0	82800	0	0	-	-
15	1921	1921	3	14	-1	0	82800	0	3600	S	-
15	1921	1921	10	25	-1	0	82800	0	0	-	-
15	1922	1922	3	25	-1	0	82800	0	3600	S	-
15	1922	1927	10	1	6	1	82800	0	0	-	-
15	1923	1923	4	21	-1	0	82800	0	3600	S	-
15	1924	1924	3	29	-1	0	82800	0	3600	S	-
15	1925	1925	4	4	-1	0	82800	0	3600	S	-
15	1926	1926	4	17	-1	0	82800	0	3600	S	-
15	1927	1927	4	9	-1	0	82800	0	3600	S	-
15	1928	1928	4	14	-1	0	82800	0	3600	S	-
15	1928	1938	10	2	0	1	7200	0	0	-	-
15	1929	1929	4	21	-1	0	7200	0	3600	S	-
15	1930	1930	4	13	-1	0	7200	0	3600	S	-
15	1931	1931	4	19	-1	0	7200	0	3600	S	-
15	1932	1932	4	3	-1	0	7200	0	3600	S	-
15	1933	1933	3	26	-1	0	7200	0	3600	S	-
15	1934	1934	4	8	-1	0	7200	0	3600	S	-
15	1935	1935	3	31	-1	0	7200	0	3600	S	-
15	1936	1936	4	19	-1	0	7200	0	3600	S	-
15	1937	1937	4	4	-1	0	7200	0	3600	S	-
15	1938	1938	3	27	-1	0	7200	0	3600	S	-
15	1939	1939	4	16	-1	0	7200	0	3600	S	-
15	1939	1939	11	19	-1	0	7200	0	0	-	-
15	1940	1940	2	25	-1	0	7200	0	3600	S	-
15	1944	1944	9	17	-1	0	7200	0	0	-	-
15	1945	1945	4	2	-1	0	7200	0	3600	S	-
15	1945	1945	9	16	-1	0	7200	0	0	-	-
15	1946	1946	5	19	-1	0	7200	0	3600	S	-
15	1946	1946	10	7	-1	0	7200	0	0	-	-
16	1918	1941	10	1	6	1	86400	0	1800	-0530	-
16	1919	1942	2	8	6	1	86400	0	0	CST	-
16	1942	1942	6	27	-1	0	86400	0	3600	CWT	-
16	1945	1945	8	14	-1	0	82800	1	3600	CPT	-
16	1945	1945	12	15	-1	0	86400	0	0	CST	-
16	1947	1967	10	1	6	1	86400	0	1800	-0530	-
16	1948	1968	2	8	6	1	86400	0	0	CST	-
16	1973	1973	12	5	-1	0	0	0	3600	CDT	-
16	1974	1974	2	9	-1	0	0	0	0	CST	-
16	1982	1982	12	18	-1	0	0	0	3600	CDT	-
16	1983	1983	2	12	-1	0	0	0	0	CST	-
17	1917	1917	4	5	-1	0	86400	0	3600	-	-
17	1917	1917	9	30	-1	0	86400	0	0	-	-
17	1918	1918	4	13	-1	0	86400	0	3600	-	-
17	1918	1918	9	15	-1	0	86400	0	0	S	-
17	1942	1942	1	11	-1	0	7200	0	3600	D	-
17	1942	1942	10	18	-1	0	7200	0	0	S	-
17	1943	1943	3	21	-1	0	7200	0	3600	D	-
17	1943	1943	10	31	-1	0	7200	0	0	S	-
17	1944	1945	3	8	0	1	7200	0	3600	D	-
17	1944	1945	11	1	0	1	7200	0	0	S	-
17	1947	1947	5	15	0	1	7200	0	3600	D	-
17	1947	1947	9	8	0	1	7200	0	0	S	-
17	1948	1952	5	22	0	1	7200	0	3600	D	-
17	1948	1952	9	1	0	1	7200	0	0	S	-
17	1956	1956	5	22	0	1	7200	0	3600	D	-
17	1956	1956	10	0	0	0	7200	0	0	S	-
18	1931	1931	10	3	-1	0	39600	0	3600	-	-
18	1932	1933	4	1	-1	0	0	0	0	-	-
18	1932	1932	10	3	-1	0	0	0	3600	-	-
18	1949	1952	12	1	-1	0	0	0	3600	-	-
18	1950	1950	4	16	-1	0	3600	0	0	-	-
18	1951	1952	4	1	-1	0	0	0	0	-	-
18	1953	1953	3	1	-1	0	0	0	0	-	-
18	1963	1963	12	9	-1	0	0	0	3600	-	-
18	1964	1964	3	1	-1	0	0	0	0	-	-
18	1965	1965	1	31	-1	0	0	0	3600	-	-
18	1965	1965	3	31	-1	0	0	0	0	-	-
18	1965	1965	12	1	-1	0	0	0	3600	-	-
18	1966	1968	3	1	-1	0	0	0	0	-	-
18	1966	1967	11	1	-1	0	0	0	3600	-	-
18	1985	1985	11	2	-1	0	0	0	3600	-	-
18	1986	1986	3	15	-1	0	0	0	0	-	-
18	1986	1986	10	25	-1	0	0	0	3600	-	-
18	1987	1987	2	14	-1	0	0	0	0	-	-
18	1987	1987	10	25	-1	0	0	0	3600	-	-
18	1988	1988	2	7	-1	0	0	0	0	-	-
18	1988	1988	10	16	-1	0	0	0	3600	-	-
18	1989	1989	1	29	-1	0	0	0	0	-	-
18	1989	1989	10	15	-1	0	0	0	3600	-	-
18	1990	1990	2	11	-1	0	0	0	0	-	-
18	1990	1990	10	21	-1	0	0	0	3600	-	-
18	1991	1991	2	17	-1	0	0	0	0	-	-
18	1991	1991	10	20	-1	0	0	0	3600	-	-
18	1992	1992	2	9	-1	0	0	0	0	-	-
18	1992	1992	10	25	-1	0	0	0	3600	-	-
18	1993	1993	1	31	-1	0	0	0	0	-	-
18	1993	1995	10	11	0	1	0	0	3600	-	-
18	1994	1995	2	15	0	1	0	0	0	-	-
18	1996	1996	2	11	-1	0	0	0	0	-	-
18	1996	1996	10	6	-1	0	0	0	3600	-	-
18	1997	1997	2	16	-1	0	0	0	0	-	-
18	1997	1997	10	6	-1	0	0	0	3600	-	-
18	1998	1998	3	1	-1	0	0	0	0	-	-
18	1998	1998	10	11	-1	0	0	0	3600	-	-
18	1999	1999	2	21	-1	0	0	0	0	-	-
18	1999	1999	10	3	-1	0	0	0	3600	-	-
18	2000	2000	2	27	-1	0	0	0	0	-	-
18	2000	2001	10	8	0	1	0	0	3600	-	-
18	2001	2006	2	15	0	1	0	0	0	-	-
18	2002	2002	11	3	-1	0	0	0	3600	-	-
18	2003	2003	10	19	-1	0	0	0	3600	-	-
18	2004	2004	11	2	-1	0	0	0	3600	-	-
18	2005	2005	10	16	-1	0	0	0	3600	-	-
18	2006	2006	11	5	-1	0	0	0	3600	-	-
18	2007	2007	2	25	-1	0	0	0	0	-	-
18	2007	2007	10	8	0	1	0	0	3600	-	-
18	2008	2017	10	15	0	1	0	0	3600	-	-
18	2008	2011	2	15	0	1	0	0	0	-	-
18	2012	2012	2	22	0	1	0	0	0	-	-
18	2013	2014	2	15	0	1	0	0	0	-	-
18	2015	2015	2	22	0	1	0	0	0	-	-
18	2016	2019	2	15	0	1	0	0	0	-	-
18	2018	2018	11	1	0	1	0	0	3600	-	-
19	1979	1979	3	31	-1	0	82800	0	3600	S	-
19	1979	1979	10	1	-1	0	3600	0	0	-	-
19	1980	1982	4	1	6	1	82800	0	3600	S	-
19	1980	1980	9	29	-1	0	3600	0	0	-	-
19	1981	1981	9	27	-1	0	7200	0	0	-	-
20	1916	1916	4	30	-1	0	82800	0	3600	S	-
20	1916	1916	10	1	-1	0	3600	0	0	-	-
20	1917	1918	4	15	1	1	7200	0	3600	S	-
20	1917	1918	9	15	1	1	7200	0	0	-	-
20	1940	1940	4	1	-1	0	7200	0	3600	S	-
20	1942	1942	11	2	-1	0	7200	0	0	-	-
20	1943	1943	3	29	-1	0	7200	0	3600	S	-
20	1943	1943	10	4	-1	0	7200	0	0	-	-
20	1944	1945	4	1	1	1	7200	0	3600	S	-
20	1944	1944	10	2	-1	0	7200	0	0	-	-
20	1945	1945	9	16	-1	0	7200	0	0	-	-
20	1977	1980	4	1	0	1	7200	0	3600	S	-
20	1977	1977	9	0	0	0	7200	0	0	-	-
20	1978	1978	10	1	-1	0	7200	0	0	-	-
20	1979	1995	9	0	0	0	7200	0	0	-	-
20	1981	-1	3	0	0	0	7200	0	3600	S	-
20	1996	-1	10	0	0	0	7200	0	0	-	-
21	1948	1948	3	14	-1	0	7260	0	3600	D	-
21	1949	1949	1	1	-1	0	7200	0	0	S	-
21	1950	1966	4	0	0	0	3600	0	3600	D	-
21	1950	1961	9	0	0	0	7200	0	0	S	-
21	1962	1966	10	0	0	0	7200	0	0	S	-
22	1992	1992	5	3	-1	0	0	0	3600	-	-
22	1993	1993	2	6	-1	0	86400	0	0	-	-
23	1979	1980	2	0	0	0	0	0	3600	D	-
23	1979	1980	6	1	0	1	0	0	0	S	-
23	1991	1992	1	15	6	1	0	0	3600	D	-
23	1991	1991	7	1	-1	0	0	0	0	S	-
23	1992	1992	3	15	-1	0	0	0	0	S	-
24	1918	1918	4	14	-1	0	7200	0	3600	D	-
24	1918	1918	10	27	-1	0	7200	0	0	S	-
24	1942	1942	2	9	-1	0	7200	0	3600	W	War
24	1945	1945	8	14	-1	0	82800	1	3600	P	Peace
24	1945	1945	9	30	-1	0	7200	0	0	S	-
24	1974	1986	4	0	0	0	7200	0	3600	D	-
24	1974	2006	10	0	0	0	7200	0	0	S	-
24	1987	2006	4	1	0	1	7200	0	3600	D	-
24	2007	-1	3	8	0	1	7200	0	3600	D	-
24	2007	-1	11	1	0	1	7200	0	0	S	-
25	1974	1974	11	1	0	1	9900	0	3600	-	-
25	1975	1975	2	0	0	0	9900	0	0	-	-
25	1975	1988	10	0	0	0	9900	0	3600	-	-
25	1976	1989	3	1	0	1	9900	0	0	-	-
25	1989	1989	10	8	0	1	9900	0	3600	-	-
25	1990	2006	10	1	0	1	9900	0	3600	-	-
25	1990	2007	3	15	0	1	9900	0	0	-	-
25	2007	-1	9	0	0	0	9900	0	3600	-	-
25	2008	-1	4	1	0	1	9900	0	0	-	-
26	1920	1920	6	13	-1	0	7200	0	3600	D	-
26	1920	1921	10	0	0	0	7200	0	0	S	-
26	1921	1921	3	0	0	0	7200	0	3600	D	-
26	1922	1966	4	0	0	0	7200	0	3600	D	-
26	1922	1954	9	0	0	0	7200	0	0	S	-
26	1955	1966	10	0	0	0	7200	0	0	S	-
27	1927	1931	9	1	-1	0	0	0	3600	-	-
27	1928	1932	4	1	-1	0	0	0	0	-	-
27	1968	1968	11	3	-1	0	14400	1	3600	-	-
27	1969	1969	3	30	-1	0	10800	1	0	-	-
27	1969	1969	11	23	-1	0	14400	1	3600	-	-
27	1970	1970	3	29	-1	0	10800	1	0	-	-
27	1971	1971	3	14	-1	0	10800	1	0	-	-
27	1970	1972	10	9	0	1	14400	1	3600	-	-
27	1972	1986	3	9	0	1	10800	1	0	-	-
27	1973	1973	9	30	-1	0	14400	1	3600	-	-
27	1974	1987	10	9	0	1	14400	1	3600	-	-
27	1987	1987	4	12	-1	0	10800	1	0	-	-
27	1988	1990	3	9	0	1	10800	1	0	-	-
27	1988	1989	10	9	0	1	14400	1	3600	-	-
27	1990	1990	9	16	-1	0	14400	1	3600	-	-
27	1991	1996	3	9	0	1	10800	1	0	-	-
27	1991	1997	10	9	0	1	14400	1	3600	-	-
27	1997	1997	3	30	-1	0	10800	1	0	-	-
27	1998	1998	3	9	0	1	10800	1	0	-	-
27	1998	1998	9	27	-1	0	14400	1	3600	-	-
27	1999	1999	4	4	-1	0	10800	1	0	-	-
27	1999	2010	10	9	0	1	14400	1	3600	-	-
27	2000	2007	3	9	0	1	10800	1	0	-	-
27	2008	2008	3	30	-1	0	10800	1	0	-	-
27	2009	2009	3	9	0	1	10800	1	0	-	-
27	2010	2010	4	1	0	1	10800	1	0	-	-
27	2011	2011	5	2	0	1	10800	1	0	-	-
27	2011	2011	8	16	0	1	14400	1	3600	-	-
27	2012	2014	4	23	0	1	10800	1	0	-	-
27	2012	2014	9	2	0	1	14400	1	3600	-	-
27	2016	2018	5	9	0	1	10800	1	0	-	-
27	2016	2018	8	9	0	1	14400	1	3600	-	-
27	2019	-1	4	2	0	1	10800	1	0	-	-
27	2019	2021	9	2	0	1	14400	1	3600	-	-
27	2022	2022	9	9	0	1	14400	1	3600	-	-
27	2023	-1	9	2	0	1	14400	1	3600	-	-
28	1978	1978	11	12	-1	0	0	0	1800	-	-
28	1979	1991	3	1	0	1	0	0	0	-	-
28	1979	1990	10	0	0	0	0	0	1800	-	-
29	1928	1928	6	10	-1	0	0	0	3600	D	-
29	1928	1928	10	10	-1	0	0	0	0	S	-
29	1940	1942	6	1	0	1	0	0	3600	D	-
29	1940	1942	9	1	0	1	0	0	0	S	-
29	1945	1946	6	1	0	1	0	0	3600	D	-
29	1945	1946	9	1	0	1	0	0	0	S	-
29	1965	1965	6	1	-1	0	0	0	3600	D	-
29	1965	1965	9	30	-1	0	0	0	0	S	-
29	1966	1966	5	29	-1	0	0	0	3600	D	-
29	1966	1966	10	2	-1	0	0	0	0	S	-
29	1967	1967	4	8	-1	0	0	0	3600	D	-
29	1967	1968	9	8	0	1	0	0	0	S	-
29	1968	1968	4	14	-1	0	0	0	3600	D	-
29	1969	1977	4	0	0	0	0	0	3600	D	-
29	1969	1971	10	0	0	0	0	0	0	S	-
29	1972	1974	10	8	-1	0	0	0	0	S	-
29	1975	1977	10	0	0	0	0	0	0	S	-
29	1978	1978	5	7	-1	0	0	0	3600	D	-
29	1978	1990	10	8	0	1	0	0	0	S	-
29	1979	1980	3	15	0	1	0	0	3600	D	-
29	1981	1985	5	5	0	1	0	0	3600	D	-
29	1986	1989	3	14	0	1	0	0	3600	D	-
29	1990	1997	4	1	0	1	0	0	3600	D	-
29	1991	1995	10	8	0	1	0	0	0	S	-
29	1996	1996	10	6	-1	0	0	0	0	S	-
29	1997	1997	10	12	-1	0	0	0	0	S	-
29	1998	1999	3	0	0	0	0	0	3600	D	-
29	1998	2003	10	0	0	0	0	0	0	S	-
29	2000	2003	4	1	0	1	0	0	3600	D	-
29	2004	2004	3	0	0	0	0	0	3600	D	-
29	2006	2010	10	0	0	0	0	0	0	S	-
29	2007	2007	3	8	0	1	0	0	3600	D	-
29	2008	2008	3	15	0	1	0	0	3600	D	-
29	2009	2010	3	8	0	1	0	0	3600	D	-
29	2011	2011	3	15	0	1	0	0	3600	D	-
29	2011	2011	11	13	-1	0	0	0	0	S	-
29	2012	2012	4	1	-1	0	0	0	3600	D	-
29	2012	-1	11	1	0	1	0	0	0	S	-
29	2013	-1	3	8	0	1	0	0	3600	D	-
30	1975	1975	4	13	-1	0	0	0	3600	S	-
30	1975	1975	10	12	-1	0	0	0	0	-	-
30	1976	1976	5	15	-1	0	0	0	3600	S	-
30	1976	1976	10	11	-1	0	0	0	0	-	-
30	1977	1980	4	1	0	1	0	0	3600	S	-
30	1977	1977	9	25	-1	0	0	0	0	-	-
30	1978	1978	10	2	-1	0	0	0	0	-	-
30	1979	1997	9	0	0	0	0	0	0	-	-
30	1981	1998	3	0	0	0	0	0	3600	S	-
31	1945	1945	4	1	1	1	7200	0	3600	S	-
31	1945	1945	10	1	-1	0	7200	0	0	-	-
31	1946	1946	5	6	-1	0	7200	0	3600	S	-
31	1946	1949	10	1	0	1	7200	0	0	-	-
31	1947	1948	4	15	0	1	7200	0	3600	S	-
31	1949	1949	4	9	-1	0	7200	0	3600	S	-
32	1966	1966	10	30	-1	0	0	0	3600	EDT	-
32	1967	1967	2	28	-1	0	0	0	0	EST	-
32	1969	1973	10	0	0	0	0	0	1800	-0430	-
32	1970	1970	2	21	-1	0	0	0	0	EST	-
32	1971	1971	1	20	-1	0	0	0	0	EST	-
32	1972	1974	1	21	-1	0	0	0	0	EST	-
33	1920	1921	3	0	0	0	7200	0	3600	D	-
33	1920	1920	10	0	0	0	7200	0	0	S	-
33	1921	1921	5	22	-1	0	7200	0	0	S	-
33	1965	1966	4	0	0	0	7200	0	3600	D	-
33	1965	1966	10	0	0	0	7200	0	0	S	-
34	1948	1948	4	0	0	0	7200	0	3600	D	-
34	1948	1948	9	0	0	0	7200	0	0	S	-
35	2009	2009	6	19	-1	0	82800	0	3600	-	-
35	2009	2009	12	31	-1	0	86400	0	0	-	-
36	1977	1980	4	1	0	1	0	0	3600	S	-
36	1977	1977	9	0	0	0	0	0	0	-	-
36	1978	1978	10	1	-1	0	0	0	0	-	-
36	1979	1995	9	0	0	0	0	0	0	-	-
36	1981	-1	3	0	0	0	0	0	3600	S	-
36	1996	-1	10	0	0	0	0	0	0	-	-
37	1981	-1	3	0	0	0	0	0	3600	-	-
37	1979	1995	9	0	0	0	0	0	0	-	-
37	1996	-1	10	0	0	0	0	0	0	-	-
38	1977	1980	4	1	0	1	3600	1	3600	S	-
38	1977	1977	9	0	0	0	3600	1	0	-	-
38	1978	1978	10	1	-1	0	3600	1	0	-	-
38	1979	1995	9	0	0	0	3600	1	0	-	-
38	1981	-1	3	0	0	0	3600	1	3600	S	-
38	1996	-1	10	0	0	0	3600	1	0	-	-
39	1981	-1	3	0	0	0	3600	1	3600	S	-
39	1979	1995	9	0	0	0	3600	1	0	-	-
39	1996	-1	10	0	0	0	3600	1	0	-	-
40	1992	1992	11	28	-1	0	0	0	3600	-	-
40	1993	1993	2	5	-1	0	0	0	0	-	-
41	1918	1919	4	8	0	1	7200	0	3600	D	-
41	1918	1918	10	27	-1	0	7200	0	0	S	-
41	1919	1919	5	27	-1	0	7200	0	0	S	-
41	1920	1923	4	0	0	0	7200	0	3600	D	-
41	1920	1920	10	0	0	0	7200	0	0	S	-
41	1921	1923	9	0	0	0	7200	0	0	S	-
41	1942	1942	2	9	-1	0	7200	0	3600	W	War
41	1945	1945	8	14	-1	0	82800	1	3600	P	Peace
41	1945	1945	9	0	0	0	7200	0	0	S	-
41	1947	1947	4	0	0	0	7200	0	3600	D	-
41	1947	1947	9	0	0	0	7200	0	0	S	-
41	1972	1986	4	0	0	0	7200	0	3600	D	-
41	1972	2006	10	0	0	0	7200	0	0	S	-
42	1940	1940	7	15	-1	0	0	0	3600	S	-
42	1940	1940	10	1	-1	0	0	0	0	-	-
42	1941	1941	4	15	-1	0	0	0	3600	S	-
42	1941	1941	9	16	-1	0	0	0	0	-	-
42	1942	1944	4	1	-1	0	0	0	3600	S	-
42	1942	1942	10	27	-1	0	0	0	0	-	-
42	1943	1945	11	1	-1	0	0	0	0	-	-
42	1945	1945	4	16	-1	0	0	0	3600	S	-
42	1957	1957	5	10	-1	0	0	0	3600	S	-
42	1957	1958	10	1	-1	0	0	0	0	-	-
42	1958	1958	5	1	-1	0	0	0	3600	S	-
42	1959	1981	5	1	-1	0	3600	0	3600	S	-
42	1959	1965	9	30	-1	0	10800	0	0	-	-
42	1966	1994	10	1	-1	0	10800	0	0	-	-
42	1982	1982	7	25	-1	0	3600	0	3600	S	-
42	1983	1983	7	12	-1	0	3600	0	3600	S	-
42	1984	1988	5	1	-1	0	3600	0	3600	S	-
42	1989	1989	5	6	-1	0	3600	0	3600	S	-
42	1990	1994	5	1	-1	0	3600	0	3600	S	-
42	1995	2010	4	0	5	0	0	0	3600	S	-
42	1995	2005	9	0	4	0	86400	0	0	-	-
42	2006	2006	9	21	-1	0	86400	0	0	-	-
42	2007	2007	9	1	4	1	86400	0	0	-	-
42	2008	2008	8	0	4	0	86400	0	0	-	-
42	2009	2009	8	20	-1	0	86400	0	0	-	-
42	2010	2010	8	10	-1	0	86400	0	0	-	-
42	2010	2010	9	9	-1	0	86400	0	3600	S	-
42	2010	2010	9	0	4	0	86400	0	0	-	-
42	2014	2014	5	15	-1	0	86400	0	3600	S	-
42	2014	2014	6	26	-1	0	86400	0	0	-	-
42	2014	2014	7	31	-1	0	86400	0	3600	S	-
42	2014	2014	9	0	4	0	86400	0	0	-	-
42	2023	-1	4	0	5	0	0	0	3600	S	-
42	2023	-1	10	0	4	0	86400	0	0	-	-
43	1957	1957	5	10	-1	0	0	0	3600	S	-
43	1957	1958	10	1	-1	0	0	0	0	-	-
43	1958	1958	5	1	-1	0	0	0	3600	S	-
43	1959	1967	5	1	-1	0	3600	0	3600	S	-
43	1959	1965	9	30	-1	0	10800	0	0	-	-
43	1966	1966	10	1	-1	0	10800	0	0	-	-
44	1971	1971	10	31	-1	0	7200	1	-3600	-	-
44	1972	1980	3	16	0	1	7200	1	0	-	-
44	1972	1980	10	23	0	1	7200	1	-3600	-	-
44	1981	-1	3	0	0	0	3600	1	0	-	-
44	1981	1989	10	23	0	1	3600	1	-3600	-	-
44	1990	1995	10	22	0	1	3600	1	-3600	-	-
44	1996	-1	10	0	0	0	3600	1	-3600	-	-
45	1937	1938	9	0	0	0	0	0	3600	-	-
45	1938	1942	3	19	0	1	0	0	0	-	-
45	1939	1939	10	1	-1	0	0	0	3600	-	-
45	1940	1942	9	0	0	0	0	0	3600	-	-
45	1943	1943	1	1	-1	0	0	0	0	-	-
45	1983	1983	9	0	0	0	0	0	3600	-	-
45	1984	1985	4	0	0	0	0	0	0	-	-
45	1984	1984	9	16	-1	0	0	0	3600	-	-
45	1985	2000	9	9	0	1	0	0	3600	-	-
45	1986	2000	4	16	0	1	0	0	0	-	-
45	2001	2010	4	15	0	1	7200	0	0	-	-
45	2001	2010	9	1	0	1	7200	0	3600	-	-
46	1998	1999	11	1	0	1	7200	0	3600	-	-
46	1999	2000	2	0	0	0	10800	0	0	-	-
46	2009	2009	11	29	-1	0	7200	0	3600	-	-
46	2010	2010	3	0	0	0	10800	0	0	-	-
46	2010	2013	10	21	0	1	7200	0	3600	-	-
46	2011	2011	3	1	0	1	10800	0	0	-	-
46	2012	2013	1	18	0	1	10800	0	0	-	-
46	2014	2014	1	18	0	1	7200	0	0	-	-
46	2014	2018	11	1	0	1	7200	0	3600	-	-
46	2015	2021	1	12	0	1	10800	0	0	-	-
46	2019	2019	11	8	0	1	7200	0	3600	-	-
46	2020	2020	12	20	-1	0	7200	0	3600	-	-
47	1942	1942	4	2	-1	0	86400	0	3600	S	-
47	1942	1942	10	4	-1	0	3600	0	0	-	-
47	1981	1982	3	0	0	0	7200	0	3600	S	-
47	1981	1982	9	0	0	0	10800	0	0	-	-
48	1916	1916	6	14	-1	0	82800	0	3600	S	-
48	1916	1919	10	1	0	1	82800	0	0	-	-
48	1917	1917	3	24	-1	0	82800	0	3600	S	-
48	1918	1918	3	9	-1	0	82800	0	3600	S	-
48	1919	1919	3	1	-1	0	82800	0	3600	S	-
48	1920	1920	2	14	-1	0	82800	0	3600	S	-
48	1920	1920	10	23	-1	0	82800	0	0	-	-
48	1921	1921	3	14	-1	0	82800	0	3600	S	-
48	1921	1921	10	25	-1	0	82800	0	0	-	-
48	1922	1922	3	25	-1	0	82800	0	3600	S	-
48	1922	1938	10	1	6	1	82800	0	0	-	-
48	1923	1923	5	26	-1	0	82800	0	3600	S	-
48	1924	1924	3	29	-1	0	82800	0	3600	S	-
48	1925	1925	4	4	-1	0	82800	0	3600	S	-
48	1926	1926	4	17	-1	0	82800	0	3600	S	-
48	1927	1927	4	9	-1	0	82800	0	3600	S	-
48	1928	1928	4	14	-1	0	82800	0	3600	S	-
48	1929	1929	4	20	-1	0	82800	0	3600	S	-
48	1930	1930	4	12	-1	0	82800	0	3600	S	-
48	1931	1931	4	18	-1	0	82800	0	3600	S	-
48	1932	1932	4	2	-1	0	82800	0	3600	S	-
48	1933	1933	3	25	-1	0	82800	0	3600	S	-
48	1934	1934	4	7	-1	0	82800	0	3600	S	-
48	1935	1935	3	30	-1	0	82800	0	3600	S	-
48	1936	1936	4	18	-1	0	82800	0	3600	S	-
48	1937	1937	4	3	-1	0	82800	0	3600	S	-
48	1938	1938	3	26	-1	0	82800	0	3600	S	-
48	1939	1939	4	15	-1	0	82800	0	3600	S	-
48	1939	1939	11	18	-1	0	82800	0	0	-	-
48	1940	1940	2	25	-1	0	7200	0	3600	S	-
48	1941	1941	5	5	-1	0	0	0	7200	M	Midsummer
48	1941	1941	10	6	-1	0	0	0	3600	S	-
48	1942	1942	3	9	-1	0	0	0	7200	M	-
48	1942	1942	11	2	-1	0	10800	0	3600	S	-
48	1943	1943	3	29	-1	0	7200	0	7200	M	-
48	1943	1943	10	4	-1	0	10800	0	3600	S	-
48	1944	1944	4	3	-1	0	7200	0	7200	M	-
48	1944	1944	10	8	-1	0	3600	0	3600	S	-
48	1945	1945	4	2	-1	0	7200	0	7200	M	-
48	1945	1945	9	16	-1	0	10800	0	0	-	-
48	1976	1976	3	28	-1	0	3600	0	3600	S	-
48	1976	1976	9	26	-1	0	3600	0	0	-	-
49	1916	1916	5	21	-1	0	7200	0	3600	BST	-
49	1916	1916	10	1	-1	0	7200	0	0	GMT	-
49	1917	1917	4	8	-1	0	7200	0	3600	BST	-
49	1917	1917	9	17	-1	0	7200	0	0	GMT	-
49	1918	1918	3	24	-1	0	7200	0	3600	BST	-
49	1918	1918	9	30	-1	0	7200	0	0	GMT	-
49	1919	1919	3	30	-1	0	7200	0	3600	BST	-
49	1919	1919	9	29	-1	0	7200	0	0	GMT	-
49	1920	1920	3	28	-1	0	7200	0	3600	BST	-
49	1920	1920	10	25	-1	0	7200	0	0	GMT	-
49	1921	1921	4	3	-1	0	7200	0	3600	BST	-
49	1921	1921	10	3	-1	0	7200	0	0	GMT	-
49	1922	1922	3	26	-1	0	7200	0	3600	BST	-
49	1922	1922	10	8	-1	0	7200	0	0	GMT	-
49	1923	1923	4	16	0	1	7200	0	3600	BST	-
49	1923	1924	9	16	0	1	7200	0	0	GMT	-
49	1924	1924	4	9	0	1	7200	0	3600	BST	-
49	1925	1926	4	16	0	1	7200	0	3600	BST	-
49	1925	1938	10	2	0	1	7200	0	0	GMT	-
49	1927	1927	4	9	0	1	7200	0	3600	BST	-
49	1928	1929	4	16	0	1	7200	0	3600	BST	-
49	1930	1930	4	9	0	1	7200	0	3600	BST	-
49	1931	1932	4	16	0	1	7200	0	3600	BST	-
49	1933	1933	4	9	0	1	7200	0	3600	BST	-
49	1934	1934	4	16	0	1	7200	0	3600	BST	-
49	1935	1935	4	9	0	1	7200	0	3600	BST	-
49	1936	1937	4	16	0	1	7200	0	3600	BST	-
49	1938	1938	4	9	0	1	7200	0	3600	BST	-
49	1939	1939	4	16	0	1	7200	0	3600	BST	-
49	1939	1939	11	16	0	1	7200	0	0	GMT	-
49	1940	1940	2	23	0	1	7200	0	3600	BST	-
49	1941	1941	5	2	0	1	3600	0	7200	BDST	-
49	1941	1943	8	9	0	1	3600	0	3600	BST	-
49	1942	1944	4	2	0	1	3600	0	7200	BDST	-
49	1944	1944	9	16	0	1	3600	0	3600	BST	-
49	1945	1945	4	2	1	1	3600	0	7200	BDST	-
49	1945	1945	7	9	0	1	3600	0	3600	BST	-
49	1945	1946	10	2	0	1	7200	0	0	GMT	-
49	1946	1946	4	9	0	1	7200	0	3600	BST	-
49	1947	1947	3	16	-1	0	7200	0	3600	BST	-
49	1947	1947	4	13	-1	0	3600	0	7200	BDST	-
49	1947	1947	8	10	-1	0	3600	0	3600	BST	-
49	1947	1947	11	2	-1	0	7200	0	0	GMT	-
49	1948	1948	3	14	-1	0	7200	0	3600	BST	-
49	1948	1948	10	31	-1	0	7200	0	0	GMT	-
49	1949	1949	4	3	-1	0	7200	0	3600	BST	-
49	1949	1949	10	30	-1	0	7200	0	0	GMT	-
49	1950	1952	4	14	0	1	7200	0	3600	BST	-
49	1950	1952	10	21	0	1	7200	0	0	GMT	-
49	1953	1953	4	16	0	1	7200	0	3600	BST	-
49	1953	1960	10	2	0	1	7200	0	0	GMT	-
49	1954	1954	4	9	0	1	7200	0	3600	BST	-
49	1955	1956	4	16	0	1	7200	0	3600	BST	-
49	1957	1957	4	9	0	1	7200	0	3600	BST	-
49	1958	1959	4	16	0	1	7200	0	3600	BST	-
49	1960	1960	4	9	0	1	7200	0	3600	BST	-
49	1961	1963	3	0	0	0	7200	0	3600	BST	-
49	1961	1968	10	23	0	1	7200	0	0	GMT	-
49	1964	1967	3	19	0	1	7200	0	3600	BST	-
49	1968	1968	2	18	-1	0	7200	0	3600	BST	-
49	1972	1980	3	16	0	1	7200	0	3600	BST	-
49	1972	1980	10	23	0	1	7200	0	0	GMT	-
49	1981	1995	3	0	0	0	3600	1	3600	BST	-
49	1981	1989	10	23	0	1	3600	1	0	GMT	-
49	1990	1995	10	22	0	1	3600	1	0	GMT	-
50	1946	1946	4	14	-1	0	7200	0	3600	S	-
50	1946	1946	10	7	-1	0	7200	0	0	-	-
50	1947	1949	10	1	0	1	7200	0	0	-	-
50	1947	1947	4	6	-1	0	10800	0	3600	S	-
50	1947	1947	5	11	-1	0	7200	0	7200	M	-
50	1947	1947	6	29	-1	0	10800	0	3600	S	-
50	1948	1948	4	18	-1	0	7200	0	3600	S	-
50	1949	1949	4	10	-1	0	7200	0	3600	S	-
51	1932	1932	7	7	-1	0	0	0	3600	S	-
51	1932	1932	9	1	-1	0	0	0	0	-	-
51	1941	1941	4	7	-1	0	0	0	3600	S	-
51	1942	1942	11	2	-1	0	10800	0	0	-	-
51	1943	1943	3	30	-1	0	0	0	3600	S	-
51	1943	1943	10	4	-1	0	0	0	0	-	-
51	1952	1952	7	1	-1	0	0	0	3600	S	-
51	1952	1952	11	2	-1	0	0	0	0	-	-
51	1975	1975	4	12	-1	0	0	0	3600	S	-
51	1975	1975	11	26	-1	0	0	0	0	-	-
51	1976	1976	4	11	-1	0	7200	0	3600	S	-
51	1976	1976	10	10	-1	0	7200	0	0	-	-
51	1977	1978	4	1	0	1	7200	0	3600	S	-
51	1977	1977	9	26	-1	0	7200	0	0	-	-
51	1978	1978	9	24	-1	0	14400	0	0	-	-
51	1979	1979	4	1	-1	0	32400	0	3600	S	-
51	1979	1979	9	29	-1	0	7200	0	0	-	-
51	1980	1980	4	1	-1	0	0	0	3600	S	-
51	1980	1980	9	28	-1	0	0	0	0	-	-
52	1959	1959	6	27	-1	0	7200	0	3600	D	-
52	1961	1961	1	29	-1	0	7200	0	0	S	-
52	1967	1967	9	1	-1	0	7200	0	3600	D	-
52	1969	1969	1	26	-1	0	60	0	0	S	-
52	1969	1969	6	22	-1	0	7200	0	3600	D	-
52	1969	1969	8	31	-1	0	7200	0	0	S	-
52	1970	1971	4	0	0	0	7200	0	3600	D	-
52	1970	1971	9	1	0	1	7200	0	0	S	-
52	1973	1973	12	16	-1	0	7200	0	3600	D	-
52	1974	1974	2	24	-1	0	7200	0	0	S	-
52	1976	1976	5	26	-1	0	7200	0	3600	D	-
52	1976	1976	8	22	-1	0	7260	0	0	S	-
52	1977	1977	4	24	-1	0	7200	0	3600	D	-
52	1977	1977	8	28	-1	0	7200	0	0	S	-
53	1973	1973	11	25	-1	0	0	0	3600	D	-
53	1974	1974	2	24	-1	0	0	0	0	S	-
53	1983	1983	5	21	-1	0	0	0	3600	D	-
53	1983	1983	9	22	-1	0	0	0	0	S	-
53	1991	1991	3	23	-1	0	0	0	3600	D	-
53	1991	1991	9	7	-1	0	0	0	0	S	-
53	2006	2006	4	30	-1	0	0	0	3600	D	-
53	2006	2006	10	1	-1	0	0	0	0	S	-
54	1946	1946	4	21	-1	0	0	0	3600	S	-
54	1946	1946	12	1	-1	0	12600	0	0	-	-
54	1947	1947	4	13	-1	0	12600	0	3600	S	-
54	1947	1947	11	30	-1	0	12600	0	0	-	-
54	1948	1948	5	2	-1	0	12600	0	3600	S	-
54	1948	1952	10	28	0	1	12600	0	0	-	-
54	1949	1953	4	1	0	1	12600	0	3600	S	-
54	1953	1964	10	31	0	1	12600	0	0	-	-
54	1954	1964	3	18	0	1	12600	0	3600	S	-
54	1965	1976	4	16	0	1	12600	0	3600	S	-
54	1965	1976	10	16	0	1	12600	0	0	-	-
54	1973	1973	12	30	-1	0	12600	0	3600	S	-
54	1979	1979	5	13	-1	0	12600	0	3600	S	-
54	1979	1979	10	21	-1	0	12600	0	0	-	-
55	1983	1983	5	8	-1	0	0	0	3600	D	-
55	1984	1987	4	0	0	0	0	0	3600	D	-
55	1983	1987	10	0	0	0	0	0	0	S	-
55	1988	1997	4	1	0	1	3600	0	3600	D	-
55	1988	1997	10	0	0	0	3600	0	0	S	-
55	2005	2006	4	1	0	1	0	0	3600	D	-
55	2005	2006	10	0	0	0	0	0	0	S	-
55	2012	2015	3	8	0	1	7200	0	3600	D	-
55	2012	2015	11	1	0	1	7200	0	0	S	-
55	2017	-1	3	8	0	1	7200	0	3600	D	-
55	2017	-1	11	1	0	1	7200	0	0	S	-
56	1916	1916	4	1	-1	0	0	0	3600	D	-
56	1916	1916	10	1	-1	0	0	0	0	S	-
56	1920	1920	5	9	-1	0	0	0	3600	D	-
56	1920	1920	8	29	-1	0	0	0	0	S	-
56	1921	1921	5	6	-1	0	0	0	3600	D	-
56	1921	1922	9	5	-1	0	0	0	0	S	-
56	1922	1922	4	30	-1	0	0	0	3600	D	-
56	1923	1925	5	1	0	1	0	0	3600	D	-
56	1923	1923	9	4	-1	0	0	0	0	S	-
56	1924	1924	9	15	-1	0	0	0	0	S	-
56	1925	1925	9	28	-1	0	0	0	0	S	-
56	1926	1926	5	16	-1	0	0	0	3600	D	-
56	1926	1926	9	13	-1	0	0	0	0	S	-
56	1927	1927	5	1	-1	0	0	0	3600	D	-
56	1927	1927	9	26	-1	0	0	0	0	S	-
56	1928	1931	5	8	0	1	0	0	3600	D	-
56	1928	1928	9	9	-1	0	0	0	0	S	-
56	1929	1929	9	3	-1	0	0	0	0	S	-
56	1930	1930	9	15	-1	0	0	0	0	S	-
56	1931	1932	9	24	1	1	0	0	0	S	-
56	1932	1932	5	1	-1	0	0	0	3600	D	-
56	1933	1933	4	30	-1	0	0	0	3600	D	-
56	1933	1933	10	2	-1	0	0	0	0	S	-
56	1934	1934	5	20	-1	0	0	0	3600	D	-
56	1934	1934	9	16	-1	0	0	0	0	S	-
56	1935	1935	6	2	-1	0	0	0	3600	D	-
56	1935	1935	9	30	-1	0	0	0	0	S	-
56	1936	1936	6	1	-1	0	0	0	3600	D	-
56	1936	1936	9	14	-1	0	0	0	0	S	-
56	1937	1938	5	1	0	1	0	0	3600	D	-
56	1937	1941	9	24	1	1	0	0	0	S	-
56	1939	1939	5	28	-1	0	0	0	3600	D	-
56	1940	1941	5	1	0	1	0	0	3600	D	-
56	1946	1949	4	0	0	0	7200	0	3600	D	-
56	1946	1949	9	0	0	0	7200	0	0	S	-
56	1951	1954	4	0	0	0	7200	0	3600	D	-
56	1951	1954	9	0	0	0	7200	0	0	S	-
56	1956	1959	4	0	0	0	7200	0	3600	D	-
56	1956	1959	9	0	0	0	7200	0	0	S	-
56	1962	1973	4	0	0	0	7200	0	3600	D	-
56	1962	1973	10	0	0	0	7200	0	0	S	-
57	1992	1993	10	0	0	0	7200	0	3600	D	-
57	1993	1994	3	1	0	1	7200	0	0	S	-
58	1987	1988	5	1	0	1	0	0	3600	D	-
58	1987	1988	9	0	0	0	0	0	0	S	-
58	2006	2006	5	1	0	1	0	0	3600	D	-
58	2006	2006	8	1	1	1	0	0	0	S	-
59	1918	1919	4	15	-1	0	7200	0	3600	S	-
59	1918	1920	9	15	1	1	10800	0	0	-	-
59	1920	1920	4	5	-1	0	7200	0	3600	S	-
59	1945	1945	5	1	-1	0	82800	0	3600	S	-
59	1945	1945	11	1	-1	0	3600	0	0	-	-
59	1946	1946	3	31	-1	0	7200	0	3600	S	-
59	1946	1946	10	7	-1	0	7200	0	0	-	-
59	1947	1949	4	4	0	1	7200	0	3600	S	-
59	1947	1949	10	1	0	1	7200	0	0	-	-
59	1954	1954	5	23	-1	0	0	0	3600	S	-
59	1954	1954	10	3	-1	0	0	0	0	-	-
59	1955	1955	5	22	-1	0	7200	0	3600	S	-
59	1955	1955	10	2	-1	0	10800	0	0	-	-
59	1956	1957	6	1	0	1	7200	0	3600	S	-
59	1956	1957	9	0	0	0	10800	0	0	-	-
59	1980	1980	4	6	-1	0	0	0	3600	S	-
59	1980	1980	9	28	-1	0	3600	0	0	-	-
59	1981	1983	3	0	0	0	0	0	3600	S	-
59	1981	1983	9	0	0	0	3600	0	0	-	-
60	1941	1941	6	22	-1	0	7200	0	3600	D	-
60	1941	1954	9	0	0	0	7200	0	0	S	-
60	1946	1954	4	0	0	0	7200	0	3600	D	-
61	1910	1910	1	1	-1	0	0	0	0	-	-
61	1977	1977	3	21	-1	0	82800	0	3600	-	-
61	1977	1977	10	20	-1	0	86400	0	0	-	-
61	1978	1978	3	24	-1	0	86400	0	3600	-	-
61	1978	1978	8	5	-1	0	3600	0	0	-	-
61	1979	1979	5	26	-1	0	86400	0	3600	-	-
61	1979	1979	9	18	-1	0	86400	0	0	-	-
61	1980	1980	3	20	-1	0	86400	0	3600	-	-
61	1980	1980	9	22	-1	0	86400	0	0	-	-
61	1991	1991	5	2	-1	0	86400	0	3600	-	-
61	1992	1995	3	21	-1	0	86400	0	3600	-	-
61	1991	1995	9	21	-1	0	86400	0	0	-	-
61	1996	1996	3	20	-1	0	86400	0	3600	-	-
61	1996	1996	9	20	-1	0	86400	0	0	-	-
61	1997	1999	3	21	-1	0	86400	0	3600	-	-
61	1997	1999	9	21	-1	0	86400	0	0	-	-
61	2000	2000	3	20	-1	0	86400	0	3600	-	-
61	2000	2000	9	20	-1	0	86400	0	0	-	-
61	2001	2003	3	21	-1	0	86400	0	3600	-	-
61	2001	2003	9	21	-1	0	86400	0	0	-	-
61	2004	2004	3	20	-1	0	86400	0	3600	-	-
61	2004	2004	9	20	-1	0	86400	0	0	-	-
61	2005	2005	3	21	-1	0	86400	0	3600	-	-
61	2005	2005	9	21	-1	0	86400	0	0	-	-
61	2008	2008	3	20	-1	0	86400	0	3600	-	-
61	2008	2008	9	20	-1	0	86400	0	0	-	-
61	2009	2011	3	21	-1	0	86400	0	3600	-	-
61	2009	2011	9	21	-1	0	86400	0	0	-	-
61	2012	2012	3	20	-1	0	86400	0	3600	-	-
61	2012	2012	9	20	-1	0	86400	0	0	-	-
61	2013	2015	3	21	-1	0	86400	0	3600	-	-
61	2013	2015	9	21	-1	0	86400	0	0	-	-
61	2016	2016	3	20	-1	0	86400	0	3600	-	-
61	2016	2016	9	20	-1	0	86400	0	0	-	-
61	2017	2019	3	21	-1	0	86400	0	3600	-	-
61	2017	2019	9	21	-1	0	86400	0	0	-	-
61	2020	2020	3	20	-1	0	86400	0	3600	-	-
61	2020	2020	9	20	-1	0	86400	0	0	-	-
61	2021	2022	3	21	-1	0	86400	0	3600	-	-
61	2021	2022	9	21	-1	0	86400	0	0	-	-
62	1982	1982	5	1	-1	0	0	0	3600	-	-
62	1982	1984	10	1	-1	0	0	0	0	-	-
62	1983	1983	3	31	-1	0	0	0	3600	-	-
62	1984	1985	4	1	-1	0	0	0	3600	-	-
62	1985	1990	9	0	0	0	3600	0	0	-	-
62	1986	1990	3	0	0	0	3600	0	3600	-	-
62	1991	2007	4	1	-1	0	10800	0	3600	-	-
62	1991	2007	10	1	-1	0	10800	0	0	-	-
63	1916	1916	6	3	-1	0	86400	0	3600	S	-
63	1916	1917	9	30	-1	0	86400	0	0	-	-
63	1917	1917	3	31	-1	0	86400	0	3600	S	-
63	1918	1918	3	9	-1	0	86400	0	3600	S	-
63	1918	1918	10	6	-1	0	86400	0	0	-	-
63	1919	1919	3	1	-1	0	86400	0	3600	S	-
63	1919	1919	10	4	-1	0	86400	0	0	-	-
63	1920	1920	3	20	-1	0	86400	0	3600	S	-
63	1920	1920	9	18	-1	0	86400	0	0	-	-
63	1940	1940	6	14	-1	0	86400	0	3600	S	-
63	1942	1942	11	2	-1	0	7200	0	0	-	-
63	1943	1943	3	29	-1	0	7200	0	3600	S	-
63	1943	1943	10	4	-1	0	7200	0	0	-	-
63	1944	1944	4	2	-1	0	7200	0	3600	S	-
63	1944	1944	9	17	-1	0	7200	0	0	-	-
63	1945	1945	4	2	-1	0	7200	0	3600	S	-
63	1945	1945	9	15	-1	0	3600	0	0	-	-
63	1946	1946	3	17	-1	0	7200	0	3600	S	-
63	1946	1946	10	6	-1	0	7200	0	0	-	-
63	1947	1947	3	16	-1	0	0	0	3600	S	-
63	1947	1947	10	5	-1	0	0	0	0	-	-
63	1948	1948	2	29	-1	0	7200	0	3600	S	-
63	1948	1948	10	3	-1	0	7200	0	0	-	-
63	1966	1968	5	22	0	1	0	0	3600	S	-
63	1966	1966	9	24	-1	0	86400	0	0	-	-
63	1967	1969	9	22	0	1	0	0	0	-	-
63	1969	1969	6	1	-1	0	0	0	3600	S	-
63	1970	1970	5	31	-1	0	0	0	3600	S	-
63	1970	1970	9	0	0	0	0	0	0	-	-
63	1971	1972	5	22	0	1	0	0	3600	S	-
63	1971	1971	9	0	0	0	0	0	0	-	-
63	1972	1972	10	1	-1	0	0	0	0	-	-
63	1973	1973	6	3	-1	0	0	0	3600	S	-
63	1973	1974	9	0	0	0	0	0	0	-	-
63	1974	1974	5	26	-1	0	0	0	3600	S	-
63	1975	1975	6	1	-1	0	0	0	3600	S	-
63	1975	1977	9	0	0	0	0	0	0	-	-
63	1976	1976	5	30	-1	0	0	0	3600	S	-
63	1977	1979	5	22	0	1	0	0	3600	S	-
63	1978	1978	10	1	-1	0	0	0	0	-	-
63	1979	1979	9	30	-1	0	0	0	0	-	-
64	1948	1948	5	1	6	1	86400	0	3600	D	-
64	1948	1951	9	8	6	1	90000	0	0	S	-
64	1949	1949	4	1	6	1	86400	0	3600	D	-
64	1950	1951	5	1	6	1	86400	0	3600	D	-
65	1973	1973	6	6	-1	0	0	0	3600	S	-
65	1973	1975	10	1	-1	0	0	0	0	-	-
65	1974	1977	5	1	-1	0	0	0	3600	S	-
65	1976	1976	11	1	-1	0	0	0	0	-	-
65	1977	1977	10	1	-1	0	0	0	0	-	-
65	1978	1978	4	30	-1	0	0	0	3600	S	-
65	1978	1978	9	30	-1	0	0	0	0	-	-
65	1985	1985	4	1	-1	0	0	0	3600	S	-
65	1985	1985	10	1	-1	0	0	0	0	-	-
65	1986	1988	4	1	5	1	0	0	3600	S	-
65	1986	1990	10	1	5	1	0	0	0	-	-
65	1989	1989	5	8	-1	0	0	0	3600	S	-
65	1990	1990	4	27	-1	0	0	0	3600	S	-
65	1991	1991	4	17	-1	0	0	0	3600	S	-
65	1991	1991	9	27	-1	0	0	0	0	-	-
65	1992	1992	4	10	-1	0	0	0	3600	S	-
65	1992	1993	10	1	5	1	0	0	0	-	-
65	1993	1998	4	1	5	1	0	0	3600	S	-
65	1994	1994	9	15	5	1	0	0	0	-	-
65	1995	1998	9	15	5	1	0	0	0	-	-
65	1999	1999	7	1	-1	0	0	0	3600	S	-
65	1999	2002	9	0	5	0	0	0	0	-	-
65	2000	2001	3	0	4	0	0	0	3600	S	-
65	2002	2012	3	0	4	0	86400	0	3600	S	-
65	2003	2003	10	24	-1	0	0	0	0	-	-
65	2004	2004	10	15	-1	0	0	0	0	-	-
65	2005	2005	9	0	5	0	0	0	0	-	-
65	2006	2011	10	0	5	0	0	0	0	-	-
65	2013	2013	12	20	-1	0	0	0	0	-	-
65	2014	2021	3	0	4	0	86400	0	3600	S	-
65	2014	2022	10	0	5	0	0	0	0	-	-
65	2022	2022	2	0	4	0	86400	0	3600	S	-
66	1992	1996	4	7	0	1	0	0	3600	-	-
66	1992	1996	9	0	0	0	0	0	0	-	-
66	1997	2005	3	0	0	0	9000	0	3600	-	-
66	1997	2004	10	0	0	0	9000	0	0	-	-
67	1981	1984	10	0	0	0	7200	0	3600	-	-
67	1982	1985	3	1	0	1	7200	0	0	-	-
67	1985	1985	10	0	0	0	7200	0	1800	-	-
67	1986	1989	3	15	0	1	7200	0	0	-	-
67	1986	1986	10	19	-1	0	7200	0	1800	-	-
67	1987	1999	10	0	0	0	7200	0	1800	-	-
67	1990	1995	3	1	0	1	7200	0	0	-	-
67	1996	2005	3	0	0	0	7200	0	0	-	-
67	2000	2000	8	0	0	0	7200	0	1800	-	-
67	2001	2007	10	0	0	0	7200	0	1800	-	-
67	2006	2006	4	1	0	1	7200	0	0	-	-
67	2007	2007	3	0	0	0	7200	0	0	-	-
67	2008	-1	4	1	0	1	7200	0	0	-	-
67	2008	-1	10	1	0	1	7200	0	1800	-	-
68	1989	1996	3	0	0	0	7200	0	3600	S	-
68	1989	1996	9	0	0	0	7200	0	0	-	-
69	1920	1920	3	28	-1	0	0	0	3600	S	-
69	1920	1920	10	25	-1	0	0	0	0	-	-
69	1921	1921	4	3	-1	0	0	0	3600	S	-
69	1921	1921	10	3	-1	0	0	0	0	-	-
69	1922	1922	3	26	-1	0	0	0	3600	S	-
69	1922	1922	10	8	-1	0	0	0	0	-	-
69	1923	1923	4	22	-1	0	0	0	3600	S	-
69	1923	1923	9	16	-1	0	0	0	0	-	-
69	1957	1961	5	1	-1	0	0	0	3600	S	-
69	1957	1961	10	1	-1	0	0	0	0	-	-
69	1972	1972	6	22	-1	0	0	0	3600	S	-
69	1972	1977	10	1	-1	0	0	0	0	-	-
69	1973	1977	5	1	-1	0	0	0	3600	S	-
69	1978	1978	4	30	-1	0	0	0	3600	S	-
69	1978	1978	9	30	-1	0	0	0	0	-	-
69	1984	1987	5	1	-1	0	0	0	3600	S	-
69	1984	1991	10	16	-1	0	0	0	0	-	-
69	1988	1988	6	1	-1	0	0	0	3600	S	-
69	1989	1989	5	10	-1	0	0	0	3600	S	-
69	1990	1992	5	1	-1	0	0	0	3600	S	-
69	1992	1992	10	4	-1	0	0	0	0	-	-
69	1993	-1	3	0	0	0	0	0	3600	S	-
69	1993	1998	9	0	0	0	0	0	0	-	-
69	1999	-1	10	0	0	0	0	0	0	-	-
70	1951	1951	10	14	-1	0	7200	0	3600	S	-
70	1952	1952	1	1	-1	0	0	0	0	-	-
70	1953	1953	10	9	-1	0	7200	0	3600	S	-
70	1954	1954	1	1	-1	0	0	0	0	-	-
70	1955	1955	9	30	-1	0	0	0	3600	S	-
70	1956	1956	1	1	-1	0	0	0	0	-	-
70	1982	1984	4	1	-1	0	0	0	3600	S	-
70	1982	1985	10	1	-1	0	0	0	0	-	-
70	1985	1985	4	6	-1	0	0	0	3600	S	-
70	1986	1986	4	4	-1	0	0	0	3600	S	-
70	1986	1986	10	3	-1	0	0	0	0	-	-
70	1987	1989	4	1	-1	0	0	0	3600	S	-
70	1987	1989	10	1	-1	0	0	0	0	-	-
70	1997	1997	4	4	-1	0	0	0	3600	S	-
70	1997	1997	10	4	-1	0	0	0	0	-	-
70	2013	2013	3	0	5	0	3600	0	3600	S	-
70	2013	2013	10	0	5	0	7200	0	0	-	-
71	1921	1921	5	1	-1	0	7200	0	3600	D	-
71	1921	1921	9	1	-1	0	7200	0	0	S	-
71	1941	1941	4	0	0	0	7200	0	3600	D	-
71	1941	1941	9	0	0	0	7200	0	0	S	-
71	1946	1946	4	0	0	0	60	0	3600	D	-
71	1946	1946	6	2	-1	0	7200	0	0	S	-
71	1950	1961	4	0	0	0	7200	0	3600	D	-
71	1950	1955	9	0	0	0	7200	0	0	S	-
71	1956	1961	10	0	0	0	7200	0	0	S	-
72	1942	1943	4	30	-1	0	82800	0	3600	-	-
72	1942	1942	11	17	-1	0	82800	0	0	-	-
72	1943	1943	9	30	-1	0	82800	0	0	S	-
72	1946	1946	4	30	-1	0	82800	0	3600	D	-
72	1946	1946	9	30	-1	0	82800	0	0	S	-
72	1947	1947	4	19	-1	0	82800	0	3600	D	-
72	1947	1947	11	30	-1	0	82800	0	0	S	-
72	1948	1948	5	2	-1	0	82800	0	3600	D	-
72	1948	1948	10	31	-1	0	82800	0	0	S	-
72	1949	1950	4	1	6	1	82800	0	3600	D	-
72	1949	1950	10	0	6	0	82800	0	0	S	-
72	1951	1951	3	31	-1	0	82800	0	3600	D	-
72	1951	1951	10	28	-1	0	82800	0	0	S	-
72	1952	1953	4	1	6	1	82800	0	3600	D	-
72	1952	1952	11	1	-1	0	82800	0	0	S	-
72	1953	1954	10	0	6	0	82800	0	0	S	-
72	1954	1956	3	17	6	1	82800	0	3600	D	-
72	1955	1955	11	5	-1	0	82800	0	0	S	-
72	1956	1964	11	1	0	1	12600	0	0	S	-
72	1957	1964	3	18	0	1	12600	0	3600	D	-
72	1965	1973	4	16	0	1	12600	0	3600	D	-
72	1965	1966	10	16	0	1	9000	0	0	S	-
72	1967	1976	10	16	0	1	12600	0	0	S	-
72	1973	1973	12	30	-1	0	12600	0	3600	D	-
72	1975	1976	4	16	0	1	12600	0	3600	D	-
72	1979	1979	5	13	-1	0	12600	0	3600	D	-
72	1979	1979	10	16	0	1	12600	0	0	S	-
73	1973	1973	3	31	-1	0	0	0	3600	S	-
73	1973	1973	9	29	-1	0	0	0	0	-	-
73	1974	1974	4	21	-1	0	0	0	3600	S	-
73	1974	1974	9	16	-1	0	0	0	0	-	-
73	1975	1979	4	15	0	1	7200	0	3600	S	-
73	1975	1980	9	15	0	1	7200	0	0	-	-
73	1980	1980	3	31	-1	0	7200	0	3600	S	-
74	1951	1951	4	0	0	0	7200	0	3600	D	-
74	1951	1951	9	0	0	0	7200	0	0	S	-
74	1954	1960	4	0	0	0	7200	0	3600	D	-
74	1954	1960	9	0	0	0	7200	0	0	S	-
75	1982	1982	10	10	-1	0	0	0	3600	-	-
75	1983	1983	3	21	-1	0	0	0	0	-	-
75	2008	2008	10	0	0	0	7200	0	3600	-	-
75	2009	2009	3	0	0	0	7200	0	0	-	-
76	1946	1946	4	0	0	0	7200	0	3600	D	-
76	1946	1946	9	0	0	0	7200	0	0	S	-
76	1966	1966	4	0	0	0	7200	0	3600	D	-
76	1966	1966	10	0	0	0	7200	0	0	S	-
77	1931	1931	4	30	-1	0	0	0	3600	D	-
77	1931	1931	10	1	-1	0	0	0	0	S	-
77	1939	1939	2	5	-1	0	0	0	3600	D	-
77	1939	1939	6	25	-1	0	0	0	0	S	-
77	1940	1940	12	9	-1	0	0	0	3600	D	-
77	1941	1941	4	1	-1	0	0	0	0	S	-
77	1943	1943	12	16	-1	0	0	0	3600	W	War
77	1944	1944	5	1	-1	0	0	0	0	S	-
77	1950	1950	2	12	-1	0	0	0	3600	D	-
77	1950	1950	7	30	-1	0	0	0	0	S	-
77	1996	2000	4	1	0	1	7200	0	3600	D	-
77	1996	2000	10	0	0	0	7200	0	0	S	-
77	2001	2001	5	1	0	1	7200	0	3600	D	-
77	2001	2001	9	0	0	0	7200	0	0	S	-
77	2002	2022	4	1	0	1	7200	0	3600	D	-
77	2002	2022	10	0	0	0	7200	0	0	S	-
78	1997	-1	3	0	0	0	7200	0	3600	S	-
78	1997	-1	10	0	0	0	10800	0	0	-	-
79	1933	1935	6	8	0	1	3600	0	3600	D	-
79	1933	1935	9	8	0	1	3600	0	0	S	-
79	1936	1938	6	1	0	1	3600	0	3600	D	-
79	1936	1938	9	1	0	1	3600	0	0	S	-
79	1939	1939	5	27	-1	0	3600	0	3600	D	-
79	1939	1941	9	21	6	1	3600	0	0	S	-
79	1940	1940	5	19	-1	0	3600	0	3600	D	-
79	1941	1941	5	4	-1	0	3600	0	3600	D	-
79	1946	1972	4	0	0	0	7200	0	3600	D	-
79	1946	1956	9	0	0	0	7200	0	0	S	-
79	1957	1972	10	0	0	0	7200	0	0	S	-
79	1993	2006	4	1	0	1	60	0	3600	D	-
79	1993	2006	10	0	0	0	60	0	0	S	-
80	1983	1984	4	1	-1	0	0	0	3600	-	-
80	1983	1983	10	1	-1	0	0	0	0	-	-
80	1985	1998	3	0	0	0	0	0	3600	-	-
80	1984	1998	9	0	0	0	0	0	0	-	-
80	2001	2001	4	0	6	0	7200	0	3600	-	-
80	2001	2006	9	0	6	0	7200	0	0	-	-
80	2002	2006	3	0	6	0	7200	0	3600	-	-
80	2015	2016	3	0	6	0	7200	0	3600	-	-
80	2015	2016	9	0	6	0	0	0	0	-	-
81	1939	1939	9	12	-1	0	0	0	3600	-	-
81	1939	1939	11	19	-1	0	0	0	0	-	-
81	1940	1940	2	25	-1	0	0	0	3600	-	-
81	1945	1945	11	18	-1	0	0	0	0	-	-
81	1950	1950	6	11	-1	0	0	0	3600	-	-
81	1950	1950	10	29	-1	0	0	0	0	-	-
81	1967	1967	6	3	-1	0	43200	0	3600	-	-
81	1967	1967	10	1	-1	0	0	0	0	-	-
81	1974	1974	6	24	-1	0	0	0	3600	-	-
81	1974	1974	9	1	-1	0	0	0	0	-	-
81	1976	1977	5	1	-1	0	0	0	3600	-	-
81	1976	1976	8	1	-1	0	0	0	0	-	-
81	1977	1977	9	28	-1	0	0	0	0	-	-
81	1978	1978	6	1	-1	0	0	0	3600	-	-
81	1978	1978	8	4	-1	0	0	0	0	-	-
81	2008	2008	6	1	-1	0	0	0	3600	-	-
81	2008	2008	9	1	-1	0	0	0	0	-	-
81	2009	2009	6	1	-1	0	0	0	3600	-	-
81	2009	2009	8	21	-1	0	0	0	0	-	-
81	2010	2010	5	2	-1	0	0	0	3600	-	-
81	2010	2010	8	8	-1	0	0	0	0	-	-
81	2011	2011	4	3	-1	0	0	0	3600	-	-
81	2011	2011	7	31	-1	0	0	0	0	-	-
81	2012	2013	4	0	0	0	7200	0	3600	-	-
81	2012	2012	7	20	-1	0	10800	0	0	-	-
81	2012	2012	8	20	-1	0	7200	0	3600	-	-
81	2012	2012	9	30	-1	0	10800	0	0	-	-
81	2013	2013	7	7	-1	0	10800	0	0	-	-
81	2013	2013	8	10	-1	0	7200	0	3600	-	-
81	2013	2018	10	0	0	0	10800	0	0	-	-
81	2014	2018	3	0	0	0	7200	0	3600	-	-
81	2014	2014	6	28	-1	0	10800	0	0	-	-
81	2014	2014	8	2	-1	0	7200	0	3600	-	-
81	2015	2015	6	14	-1	0	10800	0	0	-	-
81	2015	2015	7	19	-1	0	7200	0	3600	-	-
81	2016	2016	6	5	-1	0	10800	0	0	-	-
81	2016	2016	7	10	-1	0	7200	0	3600	-	-
81	2017	2017	5	21	-1	0	10800	0	0	-	-
81	2017	2017	7	2	-1	0	7200	0	3600	-	-
81	2018	2018	5	13	-1	0	10800	0	0	-	-
81	2018	2018	6	17	-1	0	7200	0	3600	-	-
81	2019	2019	5	5	-1	0	10800	0	-3600	-	-
81	2019	2019	6	9	-1	0	7200	0	0	-	-
81	2020	2020	4	19	-1	0	10800	0	-3600	-	-
81	2020	2020	5	31	-1	0	7200	0	0	-	-
81	2021	2021	4	11	-1	0	10800	0	-3600	-	-
81	2021	2021	5	16	-1	0	7200	0	0	-	-
81	2022	2022	3	27	-1	0	10800	0	-3600	-	-
81	2022	2022	5	8	-1	0	7200	0	0	-	-
81	2023	2023	3	19	-1	0	10800	0	-3600	-	-
81	2023	2023	4	23	-1	0	7200	0	0	-	-
81	2024	2024	3	10	-1	0	10800	0	-3600	-	-
81	2024	2024	4	14	-1	0	7200	0	0	-	-
81	2025	2025	2	23	-1	0	10800	0	-3600	-	-
81	2025	2025	4	6	-1	0	7200	0	0	-	-
81	2026	2026	2	15	-1	0	10800	0	-3600	-	-
81	2026	2026	3	22	-1	0	7200	0	0	-	-
81	2027	2027	2	7	-1	0	10800	0	-3600	-	-
81	2027	2027	3	14	-1	0	7200	0	0	-	-
81	2028	2028	1	23	-1	0	10800	0	-3600	-	-
81	2028	2028	3	5	-1	0	7200	0	0	-	-
81	2029	2029	1	14	-1	0	10800	0	-3600	-	-
81	2029	2029	2	18	-1	0	7200	0	0	-	-
81	2029	2029	12	30	-1	0	10800	0	-3600	-	-
81	2030	2030	2	10	-1	0	7200	0	0	-	-
81	2030	2030	12	22	-1	0	10800	0	-3600	-	-
81	2031	2031	1	26	-1	0	7200	0	0	-	-
81	2031	2031	12	14	-1	0	10800	0	-3600	-	-
81	2032	2032	1	18	-1	0	7200	0	0	-	-
81	2032	2032	11	28	-1	0	10800	0	-3600	-	-
81	2033	2033	1	9	-1	0	7200	0	0	-	-
81	2033	2033	11	20	-1	0	10800	0	-3600	-	-
81	2033	2033	12	25	-1	0	7200	0	0	-	-
81	2034	2034	11	5	-1	0	10800	0	-3600	-	-
81	2034	2034	12	17	-1	0	7200	0	0	-	-
81	2035	2035	10	28	-1	0	10800	0	-3600	-	-
81	2035	2035	12	9	-1	0	7200	0	0	-	-
81	2036	2036	10	19	-1	0	10800	0	-3600	-	-
81	2036	2036	11	23	-1	0	7200	0	0	-	-
81	2037	2037	10	4	-1	0	10800	0	-3600	-	-
81	2037	2037	11	15	-1	0	7200	0	0	-	-
81	2038	2038	9	26	-1	0	10800	0	-3600	-	-
81	2038	2038	10	31	-1	0	7200	0	0	-	-
81	2039	2039	9	18	-1	0	10800	0	-3600	-	-
81	2039	2039	10	23	-1	0	7200	0	0	-	-
81	2040	2040	9	2	-1	0	10800	0	-3600	-	-
81	2040	2040	10	14	-1	0	7200	0	0	-	-
81	2041	2041	8	25	-1	0	10800	0	-3600	-	-
81	2041	2041	9	29	-1	0	7200	0	0	-	-
81	2042	2042	8	10	-1	0	10800	0	-3600	-	-
81	2042	2042	9	21	-1	0	7200	0	0	-	-
81	2043	2043	8	2	-1	0	10800	0	-3600	-	-
81	2043	2043	9	13	-1	0	7200	0	0	-	-
81	2044	2044	7	24	-1	0	10800	0	-3600	-	-
81	2044	2044	8	28	-1	0	7200	0	0	-	-
81	2045	2045	7	9	-1	0	10800	0	-3600	-	-
81	2045	2045	8	20	-1	0	7200	0	0	-	-
81	2046	2046	7	1	-1	0	10800	0	-3600	-	-
81	2046	2046	8	5	-1	0	7200	0	0	-	-
81	2047	2047	6	23	-1	0	10800	0	-3600	-	-
81	2047	2047	7	28	-1	0	7200	0	0	-	-
81	2048	2048	6	7	-1	0	10800	0	-3600	-	-
81	2048	2048	7	19	-1	0	7200	0	0	-	-
81	2049	2049	5	30	-1	0	10800	0	-3600	-	-
81	2049	2049	7	4	-1	0	7200	0	0	-	-
81	2050	2050	5	15	-1	0	10800	0	-3600	-	-
81	2050	2050	6	26	-1	0	7200	0	0	-	-
81	2051	2051	5	7	-1	0	10800	0	-3600	-	-
81	2051	2051	6	18	-1	0	7200	0	0	-	-
81	2052	2052	4	28	-1	0	10800	0	-3600	-	-
81	2052	2052	6	2	-1	0	7200	0	0	-	-
81	2053	2053	4	13	-1	0	10800	0	-3600	-	-
81	2053	2053	5	25	-1	0	7200	0	0	-	-
81	2054	2054	4	5	-1	0	10800	0	-3600	-	-
81	2054	2054	5	10	-1	0	7200	0	0	-	-
81	2055	2055	3	28	-1	0	10800	0	-3600	-	-
81	2055	2055	5	2	-1	0	7200	0	0	-	-
81	2056	2056	3	12	-1	0	10800	0	-3600	-	-
81	2056	2056	4	23	-1	0	7200	0	0	-	-
81	2057	2057	3	4	-1	0	10800	0	-3600	-	-
81	2057	2057	4	8	-1	0	7200	0	0	-	-
81	2058	2058	2	17	-1	0	10800	0	-3600	-	-
81	2058	2058	3	31	-1	0	7200	0	0	-	-
81	2059	2059	2	9	-1	0	10800	0	-3600	-	-
81	2059	2059	3	23	-1	0	7200	0	0	-	-
81	2060	2060	2	1	-1	0	10800	0	-3600	-	-
81	2060	2060	3	7	-1	0	7200	0	0	-	-
81	2061	2061	1	16	-1	0	10800	0	-3600	-	-
81	2061	2061	2	27	-1	0	7200	0	0	-	-
81	2062	2062	1	8	-1	0	10800	0	-3600	-	-
81	2062	2062	2	12	-1	0	7200	0	0	-	-
81	2062	2062	12	31	-1	0	10800	0	-3600	-	-
81	2063	2063	2	4	-1	0	7200	0	0	-	-
81	2063	2063	12	16	-1	0	10800	0	-3600	-	-
81	2064	2064	1	27	-1	0	7200	0	0	-	-
81	2064	2064	12	7	-1	0	10800	0	-3600	-	-
81	2065	2065	1	11	-1	0	7200	0	0	-	-
81	2065	2065	11	22	-1	0	10800	0	-3600	-	-
81	2066	2066	1	3	-1	0	7200	0	0	-	-
81	2066	2066	11	14	-1	0	10800	0	-3600	-	-
81	2066	2066	12	26	-1	0	7200	0	0	-	-
81	2067	2067	11	6	-1	0	10800	0	-3600	-	-
81	2067	2067	12	11	-1	0	7200	0	0	-	-
81	2068	2068	10	21	-1	0	10800	0	-3600	-	-
81	2068	2068	12	2	-1	0	7200	0	0	-	-
81	2069	2069	10	13	-1	0	10800	0	-3600	-	-
81	2069	2069	11	17	-1	0	7200	0	0	-	-
81	2070	2070	10	5	-1	0	10800	0	-3600	-	-
81	2070	2070	11	9	-1	0	7200	0	0	-	-
81	2071	2071	9	20	-1	0	10800	0	-3600	-	-
81	2071	2071	11	1	-1	0	7200	0	0	-	-
81	2072	2072	9	11	-1	0	10800	0	-3600	-	-
81	2072	2072	10	16	-1	0	7200	0	0	-	-
81	2073	2073	8	27	-1	0	10800	0	-3600	-	-
81	2073	2073	10	8	-1	0	7200	0	0	-	-
81	2074	2074	8	19	-1	0	10800	0	-3600	-	-
81	2074	2074	9	30	-1	0	7200	0	0	-	-
81	2075	2075	8	11	-1	0	10800	0	-3600	-	-
81	2075	2075	9	15	-1	0	7200	0	0	-	-
81	2076	2076	7	26	-1	0	10800	0	-3600	-	-
81	2076	2076	9	6	-1	0	7200	0	0	-	-
81	2077	2077	7	18	-1	0	10800	0	-3600	-	-
81	2077	2077	8	22	-1	0	7200	0	0	-	-
81	2078	2078	7	10	-1	0	10800	0	-3600	-	-
81	2078	2078	8	14	-1	0	7200	0	0	-	-
81	2079	2079	6	25	-1	0	10800	0	-3600	-	-
81	2079	2079	8	6	-1	0	7200	0	0	-	-
81	2080	2080	6	16	-1	0	10800	0	-3600	-	-
81	2080	2080	7	21	-1	0	7200	0	0	-	-
81	2081	2081	6	1	-1	0	10800	0	-3600	-	-
81	2081	2081	7	13	-1	0	7200	0	0	-	-
81	2082	2082	5	24	-1	0	10800	0	-3600	-	-
81	2082	2082	6	28	-1	0	7200	0	0	-	-
81	2083	2083	5	16	-1	0	10800	0	-3600	-	-
81	2083	2083	6	20	-1	0	7200	0	0	-	-
81	2084	2084	4	30	-1	0	10800	0	-3600	-	-
81	2084	2084	6	11	-1	0	7200	0	0	-	-
81	2085	2085	4	22	-1	0	10800	0	-3600	-	-
81	2085	2085	5	27	-1	0	7200	0	0	-	-
81	2086	2086	4	14	-1	0	10800	0	-3600	-	-
81	2086	2086	5	19	-1	0	7200	0	0	-	-
81	2087	2087	3	30	-1	0	10800	0	-3600	-	-
81	2087	2087	5	11	-1	0	7200	0	0	-	-
82	1935	1941	9	14	-1	0	0	0	1200	-	-
82	1935	1941	12	14	-1	0	0	0	0	-	-
83	1977	1978	12	1	0	1	0	0	3600	-	-
83	1978	1979	2	27	-1	0	0	0	0	-	-
83	1996	1996	12	1	-1	0	7200	0	3600	-	-
83	1997	1997	3	2	-1	0	7200	0	0	-	-
84	1918	1918	4	14	-1	0	7200	0	3600	D	-
84	1918	1918	10	27	-1	0	7200	0	0	S	-
84	1919	1919	5	25	-1	0	7200	0	3600	D	-
84	1919	1919	11	1	-1	0	0	0	0	S	-
84	1942	1942	2	9	-1	0	7200	0	3600	W	War
84	1945	1945	8	14	-1	0	82800	1	3600	P	Peace
84	1945	1945	9	30	-1	0	7200	0	0	S	-
84	1972	1986	4	0	0	0	7200	0	3600	D	-
84	1972	2006	10	0	0	0	7200	0	0	S	-
84	1987	2006	4	1	0	1	7200	0	3600	D	-
85	1920	1920	3	0	0	0	7200	0	3600	D	-
85	1920	1920	10	0	0	0	7200	0	0	S	-
85	1921	1966	4	0	0	0	7200	0	3600	D	-
85	1921	1954	9	0	0	0	7200	0	0	S	-
85	1955	1966	10	0	0	0	7200	0	0	S	-
86	1927	1927	11	6	-1	0	7200	0	3600	S	-
86	1928	1928	3	4	-1	0	7200	0	0	M	-
86	1928	1933	10	8	0	1	7200	0	1800	S	-
86	1929	1933	3	15	0	1	7200	0	0	M	-
86	1934	1940	4	0	0	0	7200	0	0	M	-
86	1934	1940	9	0	0	0	7200	0	1800	S	-
86	1946	1946	1	1	-1	0	0	0	0	S	-
86	1974	1974	11	1	0	1	7200	0	3600	D	-
86	1975	1975	2	0	0	0	7200	0	0	S	-
86	1975	1988	10	0	0	0	7200	0	3600	D	-
86	1976	1989	3	1	0	1	7200	0	0	S	-
86	1989	1989	10	8	0	1	7200	0	3600	D	-
86	1990	2006	10	1	0	1	7200	0	3600	D	-
86	1990	2007	3	15	0	1	7200	0	0	S	-
86	2007	-1	9	0	0	0	7200	0	3600	D	-
86	2008	-1	4	1	0	1	7200	0	0	S	-
87	1994	1994	3	21	-1	0	0	0	-3600	WAT	-
87	1994	2017	9	1	0	1	7200	0	0	CAT	-
87	1995	2017	4	1	0	1	7200	0	-3600	WAT	-
88	1979	1980	3	16	0	1	0	0	3600	D	-
88	1979	1980	6	23	1	1	0	0	0	S	-
88	2005	2005	4	10	-1	0	0	0	3600	D	-
88	2005	2005	10	1	0	1	0	0	0	S	-
88	2006	2006	4	30	-1	0	7200	0	3600	D	-
88	2006	2006	10	1	0	1	3600	0	0	S	-
89	1986	1986	5	4	-1	0	7200	0	3600	D	-
89	1986	1991	9	11	0	1	7200	0	0	S	-
89	1987	1991	4	11	0	1	7200	0	3600	D	-
90	2002	2002	4	2	0	1	0	0	3600	S	-
90	2002	2002	10	2	0	1	0	0	0	-	-
90	2008	2008	6	1	-1	0	0	0	3600	S	-
90	2008	2009	11	1	-1	0	0	0	0	-	-
90	2009	2009	4	15	-1	0	0	0	3600	S	-
91	1999	2005	4	15	5	1	0	0	3600	S	-
91	1999	2003	10	15	5	1	0	0	0	-	-
91	2004	2004	10	1	-1	0	3600	0	0	-	-
91	2005	2005	10	4	-1	0	7200	0	0	-	-
91	2006	2007	4	1	-1	0	0	0	3600	S	-
91	2006	2006	9	22	-1	0	0	0	0	-	-
91	2007	2007	9	13	-1	0	7200	0	0	-	-
91	2008	2009	3	0	5	0	0	0	3600	S	-
91	2008	2008	9	1	-1	0	0	0	0	-	-
91	2009	2009	9	4	-1	0	3600	0	0	-	-
91	2010	2010	3	26	-1	0	0	0	3600	S	-
91	2010	2010	8	11	-1	0	0	0	0	-	-
91	2011	2011	4	1	-1	0	60	0	3600	S	-
91	2011	2011	8	1	-1	0	0	0	0	-	-
91	2011	2011	8	30	-1	0	0	0	3600	S	-
91	2011	2011	9	30	-1	0	0	0	0	-	-
91	2012	2014	3	0	4	0	86400	0	3600	S	-
91	2012	2012	9	21	-1	0	3600	0	0	-	-
91	2013	2013	9	27	-1	0	0	0	0	-	-
91	2014	2014	10	24	-1	0	0	0	0	-	-
91	2015	2015	3	28	-1	0	0	0	3600	S	-
91	2015	2015	10	23	-1	0	3600	0	0	-	-
91	2016	2018	3	30	6	0	3600	0	3600	S	-
91	2016	2018	10	30	6	0	3600	0	0	-	-
91	2019	2019	3	29	-1	0	0	0	3600	S	-
91	2019	2019	10	30	6	0	0	0	0	-	-
91	2020	2021	3	30	6	0	0	0	3600	S	-
91	2020	2020	10	24	-1	0	3600	0	0	-	-
91	2021	2021	10	29	-1	0	3600	0	0	-	-
91	2022	2022	3	27	-1	0	0	0	3600	S	-
91	2022	2035	10	30	6	0	7200	0	0	-	-
91	2023	2023	4	29	-1	0	7200	0	3600	S	-
91	2024	2024	4	20	-1	0	7200	0	3600	S	-
91	2025	2025	4	12	-1	0	7200	0	3600	S	-
91	2026	2054	3	30	6	0	7200	0	3600	S	-
91	2036	2036	10	18	-1	0	7200	0	0	-	-
91	2037	2037	10	10	-1	0	7200	0	0	-	-
91	2038	2038	9	25	-1	0	7200	0	0	-	-
91	2039	2039	9	17	-1	0	7200	0	0	-	-
91	2040	2040	9	1	-1	0	7200	0	0	-	-
91	2040	2040	10	20	-1	0	7200	0	3600	S	-
91	2040	2067	10	30	6	0	7200	0	0	-	-
91	2041	2041	8	24	-1	0	7200	0	0	-	-
91	2041	2041	10	5	-1	0	7200	0	3600	S	-
91	2042	2042	8	16	-1	0	7200	0	0	-	-
91	2042	2042	9	27	-1	0	7200	0	3600	S	-
91	2043	2043	8	1	-1	0	7200	0	0	-	-
91	2043	2043	9	19	-1	0	7200	0	3600	S	-
91	2044	2044	7	23	-1	0	7200	0	0	-	-
91	2044	2044	9	3	-1	0	7200	0	3600	S	-
91	2045	2045	7	15	-1	0	7200	0	0	-	-
91	2045	2045	8	26	-1	0	7200	0	3600	S	-
91	2046	2046	6	30	-1	0	7200	0	0	-	-
91	2046	2046	8	18	-1	0	7200	0	3600	S	-
91	2047	2047	6	22	-1	0	7200	0	0	-	-
91	2047	2047	8	3	-1	0	7200	0	3600	S	-
91	2048	2048	6	6	-1	0	7200	0	0	-	-
91	2048	2048	7	25	-1	0	7200	0	3600	S	-
91	2049	2049	5	29	-1	0	7200	0	0	-	-
91	2049	2049	7	10	-1	0	7200	0	3600	S	-
91	2050	2050	5	21	-1	0	7200	0	0	-	-
91	2050	2050	7	2	-1	0	7200	0	3600	S	-
91	2051	2051	5	6	-1	0	7200	0	0	-	-
91	2051	2051	6	24	-1	0	7200	0	3600	S	-
91	2052	2052	4	27	-1	0	7200	0	0	-	-
91	2052	2052	6	8	-1	0	7200	0	3600	S	-
91	2053	2053	4	12	-1	0	7200	0	0	-	-
91	2053	2053	5	31	-1	0	7200	0	3600	S	-
91	2054	2054	4	4	-1	0	7200	0	0	-	-
91	2054	2054	5	23	-1	0	7200	0	3600	S	-
91	2055	2055	5	8	-1	0	7200	0	3600	S	-
91	2056	2056	4	29	-1	0	7200	0	3600	S	-
91	2057	2057	4	14	-1	0	7200	0	3600	S	-
91	2058	2058	4	6	-1	0	7200	0	3600	S	-
91	2059	-1	3	30	6	0	7200	0	3600	S	-
91	2068	2068	10	20	-1	0	7200	0	0	-	-
91	2069	2069	10	12	-1	0	7200	0	0	-	-
91	2070	2070	10	4	-1	0	7200	0	0	-	-
91	2071	2071	9	19	-1	0	7200	0	0	-	-
91	2072	2072	9	10	-1	0	7200	0	0	-	-
91	2072	2072	10	22	-1	0	7200	0	3600	S	-
91	2072	-1	10	30	6	0	7200	0	0	-	-
91	2073	2073	9	2	-1	0	7200	0	0	-	-
91	2073	2073	10	14	-1	0	7200	0	3600	S	-
91	2074	2074	8	18	-1	0	7200	0	0	-	-
91	2074	2074	10	6	-1	0	7200	0	3600	S	-
91	2075	2075	8	10	-1	0	7200	0	0	-	-
91	2075	2075	9	21	-1	0	7200	0	3600	S	-
91	2076	2076	7	25	-1	0	7200	0	0	-	-
91	2076	2076	9	12	-1	0	7200	0	3600	S	-
91	2077	2077	7	17	-1	0	7200	0	0	-	-
91	2077	2077	9	4	-1	0	7200	0	3600	S	-
91	2078	2078	7	9	-1	0	7200	0	0	-	-
91	2078	2078	8	20	-1	0	7200	0	3600	S	-
91	2079	2079	6	24	-1	0	7200	0	0	-	-
91	2079	2079	8	12	-1	0	7200	0	3600	S	-
91	2080	2080	6	15	-1	0	7200	0	0	-	-
91	2080	2080	7	27	-1	0	7200	0	3600	S	-
91	2081	2081	6	7	-1	0	7200	0	0	-	-
91	2081	2081	7	19	-1	0	7200	0	3600	S	-
91	2082	2082	5	23	-1	0	7200	0	0	-	-
91	2082	2082	7	11	-1	0	7200	0	3600	S	-
91	2083	2083	5	15	-1	0	7200	0	0	-	-
91	2083	2083	6	26	-1	0	7200	0	3600	S	-
91	2084	2084	4	29	-1	0	7200	0	0	-	-
91	2084	2084	6	17	-1	0	7200	0	3600	S	-
91	2085	2085	4	21	-1	0	7200	0	0	-	-
91	2085	2085	6	9	-1	0	7200	0	3600	S	-
91	2086	2086	4	13	-1	0	7200	0	0	-	-
91	2086	2086	5	25	-1	0	7200	0	3600	S	-
92	1975	1988	10	1	-1	0	0	0	3600	-	-
92	1975	1978	3	1	-1	0	0	0	0	-	-
92	1979	1991	4	1	-1	0	0	0	0	-	-
92	1989	1989	10	22	-1	0	0	0	3600	-	-
92	1990	1990	10	1	-1	0	0	0	3600	-	-
92	1991	1991	10	6	-1	0	0	0	3600	-	-
92	1992	1992	3	1	-1	0	0	0	0	-	-
92	1992	1992	10	5	-1	0	0	0	3600	-	-
92	1993	1993	3	31	-1	0	0	0	0	-	-
92	1993	1995	10	1	-1	0	0	0	3600	-	-
92	1994	1995	2	0	0	0	0	0	0	-	-
92	1996	1996	3	1	-1	0	0	0	0	-	-
92	1996	2001	10	1	0	1	0	0	3600	-	-
92	1997	1997	2	0	0	0	0	0	0	-	-
92	1998	2001	3	1	0	1	0	0	0	-	-
92	2002	2004	4	1	0	1	0	0	0	-	-
92	2002	2003	9	1	0	1	0	0	3600	-	-
92	2004	2009	10	15	0	1	0	0	3600	-	-
92	2005	2009	3	8	0	1	0	0	0	-	-
92	2010	2024	10	1	0	1	0	0	3600	-	-
92	2010	2012	4	8	0	1	0	0	0	-	-
92	2013	2024	3	22	0	1	0	0	0	-	-
93	1955	1955	5	1	-1	0	0	0	3600	D	-
93	1955	1960	9	0	0	0	7200	0	0	S	-
93	1956	1963	4	0	0	0	7200	0	3600	D	-
93	1961	1963	10	0	0	0	7200	0	0	S	-
94	1938	1938	1	1	-1	0	0	0	3600	-	-
94	1938	1938	4	1	-1	0	0	0	0	-	-
94	1938	1939	9	0	0	0	0	0	3600	-	-
94	1939	1940	3	24	0	1	0	0	0	-	-
94	1986	1987	1	1	-1	0	0	0	3600	-	-
94	1986	1987	4	1	-1	0	0	0	0	-	-
94	1990	1990	1	1	-1	0	0	0	3600	-	-
94	1990	1990	4	1	-1	0	0	0	0	-	-
94	1994	1994	1	1	-1	0	0	0	3600	-	-
94	1994	1994	4	1	-1	0	0	0	0	-	-
95	1936	1936	10	31	-1	0	86400	0	3600	D	-
95	1937	1937	1	15	-1	0	86400	0	0	S	-
95	1941	1941	12	15	-1	0	86400	0	3600	D	-
95	1945	1945	11	30	-1	0	86400	0	0	S	-
95	1954	1954	4	11	-1	0	86400	0	3600	D	-
95	1954	1954	6	4	-1	0	86400	0	0	S	-
95	1977	1977	3	27	-1	0	86400	0	3600	D	-
95	1977	1977	9	21	-1	0	86400	0	0	S	-
95	1990	1990	5	21	-1	0	0	0	3600	D	-
95	1990	1990	7	28	-1	0	86400	0	0	S	-
96	1955	1955	5	1	-1	0	0	0	3600	D	-
96	1955	1960	9	0	0	0	7200	0	0	S	-
96	1956	1964	4	0	0	0	7200	0	3600	D	-
96	1961	1964	10	0	0	0	7200	0	0	S	-
97	1918	1919	9	16	-1	0	7200	0	0	-	-
97	1919	1919	4	15	-1	0	7200	0	3600	S	-
97	1944	1944	4	3	-1	0	7200	0	3600	S	-
97	1944	1944	10	4	-1	0	7200	0	0	-	-
97	1945	1945	4	29	-1	0	0	0	3600	S	-
97	1945	1945	11	1	-1	0	0	0	0	-	-
97	1946	1946	4	14	-1	0	0	0	3600	S	-
97	1946	1946	10	7	-1	0	7200	0	0	-	-
97	1947	1947	5	4	-1	0	7200	0	3600	S	-
97	1947	1949	10	1	0	1	7200	0	0	-	-
97	1948	1948	4	18	-1	0	7200	0	3600	S	-
97	1949	1949	4	10	-1	0	7200	0	3600	S	-
97	1957	1957	6	2	-1	0	3600	0	3600	S	-
97	1957	1958	9	0	0	0	3600	0	0	-	-
97	1958	1958	3	30	-1	0	3600	0	3600	S	-
97	1959	1959	5	31	-1	0	3600	0	3600	S	-
97	1959	1961	10	1	0	1	3600	0	0	-	-
97	1960	1960	4	3	-1	0	3600	0	3600	S	-
97	1961	1964	5	0	0	0	3600	0	3600	S	-
97	1962	1964	9	0	0	0	3600	0	0	-	-
98	1916	1916	6	17	-1	0	82800	0	3600	S	-
98	1916	1916	11	1	-1	0	3600	0	0	-	-
98	1917	1921	3	1	-1	0	0	0	3600	S	-
98	1917	1921	10	14	-1	0	86400	0	0	-	-
98	1924	1924	4	16	-1	0	82800	0	3600	S	-
98	1924	1924	10	4	-1	0	82800	0	0	-	-
98	1926	1926	4	17	-1	0	82800	0	3600	S	-
98	1926	1929	10	1	6	1	82800	0	0	-	-
98	1927	1927	4	9	-1	0	82800	0	3600	S	-
98	1928	1928	4	14	-1	0	82800	0	3600	S	-
98	1929	1929	4	20	-1	0	82800	0	3600	S	-
98	1931	1931	4	18	-1	0	82800	0	3600	S	-
98	1931	1932	10	1	6	1	82800	0	0	-	-
98	1932	1932	4	2	-1	0	82800	0	3600	S	-
98	1934	1934	4	7	-1	0	82800	0	3600	S	-
98	1934	1938	10	1	6	1	82800	0	0	-	-
98	1935	1935	3	30	-1	0	82800	0	3600	S	-
98	1936	1936	4	18	-1	0	82800	0	3600	S	-
98	1937	1937	4	3	-1	0	82800	0	3600	S	-
98	1938	1938	3	26	-1	0	82800	0	3600	S	-
98	1939	1939	4	15	-1	0	82800	0	3600	S	-
98	1939	1939	11	18	-1	0	82800	0	0	-	-
98	1940	1940	2	24	-1	0	82800	0	3600	S	-
98	1940	1940	10	7	-1	0	82800	0	0	-	-
98	1941	1941	4	5	-1	0	82800	0	3600	S	-
98	1941	1941	10	5	-1	0	82800	0	0	-	-
98	1942	1945	3	8	6	1	82800	0	3600	S	-
98	1942	1942	4	25	-1	0	79200	0	7200	M	Midsummer
98	1942	1942	8	15	-1	0	79200	0	3600	S	-
98	1942	1945	10	24	6	1	82800	0	0	-	-
98	1943	1943	4	17	-1	0	79200	0	7200	M	-
98	1943	1945	8	25	6	1	79200	0	3600	S	-
98	1944	1945	4	21	6	1	79200	0	7200	M	-
98	1946	1946	4	1	6	1	82800	0	3600	S	-
98	1946	1946	10	1	6	1	82800	0	0	-	-
98	1947	1966	4	1	0	1	7200	0	3600	S	-
98	1947	1965	10	1	0	1	7200	0	0	-	-
98	1976	1976	9	0	0	0	3600	0	0	-	-
98	1977	1977	3	0	0	0	0	0	3600	S	-
98	1977	1977	9	0	0	0	0	0	0	-	-
98	1978	1980	4	1	0	1	3600	0	3600	S	-
98	1978	1978	10	1	-1	0	3600	0	0	-	-
98	1979	1980	9	0	0	0	3600	0	0	-	-
98	1981	1986	3	0	0	0	0	0	3600	S	-
98	1981	1985	9	0	0	0	0	0	0	-	-
99	1946	1960	4	0	0	0	7200	0	3600	D	-
99	1946	1954	9	0	0	0	7200	0	0	S	-
99	1955	1956	10	0	0	0	7200	0	0	S	-
99	1957	1960	9	0	0	0	7200	0	0	S	-
100	1948	1948	6	1	-1	0	0	0	3600	D	-
100	1948	1948	9	12	-1	0	86400	0	0	S	-
100	1949	1949	4	3	-1	0	0	0	3600	D	-
100	1949	1951	9	7	6	1	86400	0	0	S	-
100	1950	1950	4	1	-1	0	0	0	3600	D	-
100	1951	1951	5	6	-1	0	0	0	3600	D	-
100	1955	1955	5	5	-1	0	0	0	3600	D	-
100	1955	1955	9	8	-1	0	86400	0	0	S	-
100	1956	1956	5	20	-1	0	0	0	3600	D	-
100	1956	1956	9	29	-1	0	86400	0	0	S	-
100	1957	1960	5	1	0	1	0	0	3600	D	-
100	1957	1960	9	17	6	1	86400	0	0	S	-
100	1987	1988	5	8	0	1	7200	0	3600	D	-
100	1987	1988	10	8	0	1	10800	0	0	S	-
101	1918	1918	4	14	-1	0	7200	0	3600	D	-
101	1918	1918	10	27	-1	0	7200	0	0	S	-
101	1930	1934	5	1	0	1	0	0	3600	D	-
101	1930	1934	10	1	0	1	0	0	0	S	-
101	1937	1941	4	8	0	1	0	0	3600	D	-
101	1937	1937	10	8	0	1	0	0	0	S	-
101	1938	1938	10	1	0	1	0	0	0	S	-
101	1939	1941	10	8	0	1	0	0	0	S	-
101	1942	1942	2	9	-1	0	7200	0	3600	W	War
101	1945	1945	8	14	-1	0	82800	1	3600	P	Peace
101	1945	1945	9	0	0	0	7200	0	0	S	-
101	1946	1946	4	8	0	1	7200	0	3600	D	-
101	1946	1946	10	8	0	1	7200	0	0	S	-
101	1947	1957	4	0	0	0	7200	0	3600	D	-
101	1947	1957	9	0	0	0	7200	0	0	S	-
101	1959	1959	4	0	0	0	7200	0	3600	D	-
101	1959	1959	10	0	0	0	7200	0	0	S	-
102	1932	1932	5	21	-1	0	0	0	3600	S	-
102	1932	1939	10	1	0	1	0	0	0	-	-
102	1933	1939	4	2	0	1	0	0	3600	S	-
102	1979	1979	5	27	-1	0	0	0	3600	S	-
102	1979	1979	9	0	0	0	0	0	0	-	-
102	1980	1980	4	5	-1	0	82800	0	3600	S	-
102	1980	1980	9	0	0	0	3600	0	0	-	-
102	1991	1993	3	0	0	0	0	0	3600	S	-
102	1991	1993	9	0	0	0	0	0	0	-	-
103	1917	1917	7	1	-1	0	82800	0	3600	MST	Moscow
103	1917	1917	12	28	-1	0	0	0	0	MMT	Moscow
103	1918	1918	5	31	-1	0	79200	0	7200	MDST	Moscow
103	1918	1918	9	16	-1	0	3600	0	3600	MST	-
103	1919	1919	5	31	-1	0	82800	0	7200	MDST	-
103	1919	1919	7	1	-1	0	0	1	3600	MSD	-
103	1919	1919	8	16	-1	0	0	0	0	MSK	-
103	1921	1921	2	14	-1	0	82800	0	3600	MSD	-
103	1921	1921	3	20	-1	0	82800	0	7200	+05	-
103	1921	1921	9	1	-1	0	0	0	3600	MSD	-
103	1921	1921	10	1	-1	0	0	0	0	-	-
103	1981	1984	4	1	-1	0	0	0	3600	S	-
103	1981	1983	10	1	-1	0	0	0	0	-	-
103	1984	1995	9	0	0	0	7200	0	0	-	-
103	1985	2010	3	0	0	0	7200	0	3600	S	-
103	1996	2010	10	0	0	0	7200	0	0	-	-
104	1981	1984	4	1	-1	0	0	0	3600	-	-
104	1981	1983	10	1	-1	0	0	0	0	-	-
104	1984	1995	9	0	0	0	7200	0	0	-	-
104	1985	2010	3	0	0	0	7200	0	3600	-	-
104	1996	2010	10	0	0	0	7200	0	0	-	-
105	1942	1943	9	15	0	1	7200	0	3600	-	-
105	1943	1944	3	15	0	1	7200	0	0	-	-
106	1987	1988	5	1	0	1	0	0	3600	D	-
106	1987	1988	9	0	0	0	0	0	0	S	-
107	2008	2009	3	8	0	1	0	0	0	-	-
107	2007	2008	10	8	0	1	0	0	3600	-	-
108	1919	1919	4	12	-1	0	86400	0	3600	D	-
108	1919	1919	9	30	-1	0	86400	0	0	S	-
108	1940	1940	6	1	-1	0	0	0	3600	D	-
108	1940	1940	10	12	-1	0	86400	0	0	S	-
108	1941	1941	3	15	-1	0	0	0	3600	D	-
108	1941	1941	11	1	-1	0	86400	0	0	S	-
108	1942	1942	1	31	-1	0	0	0	3600	D	-
108	1945	1945	9	1	-1	0	86400	0	0	S	-
108	1946	1946	5	15	-1	0	0	0	3600	D	-
108	1946	1946	9	30	-1	0	86400	0	0	S	-
108	1947	1947	4	15	-1	0	0	0	3600	D	-
108	1947	1947	10	31	-1	0	86400	0	0	S	-
108	1948	1949	5	1	-1	0	0	0	3600	D	-
108	1948	1949	9	30	-1	0	86400	0	0	S	plan
109	1945	1945	5	24	-1	0	7200	0	7200	M	Midsummer
109	1945	1945	9	24	-1	0	10800	0	3600	S	-
109	1945	1945	11	18	-1	0	7200	0	0	-	-
110	1918	1918	4	15	-1	0	82800	0	3600	S	-
110	1918	1919	10	6	-1	0	86400	0	0	-	-
110	1919	1919	4	6	-1	0	82800	0	3600	S	-
110	1924	1924	4	16	-1	0	82800	0	3600	S	-
110	1924	1924	10	4	-1	0	86400	0	0	-	-
110	1926	1926	4	17	-1	0	82800	0	3600	S	-
110	1926	1929	10	1	6	1	86400	0	0	-	-
110	1927	1927	4	9	-1	0	82800	0	3600	S	-
110	1928	1928	4	15	-1	0	0	0	3600	S	-
110	1929	1929	4	20	-1	0	82800	0	3600	S	-
110	1937	1937	6	16	-1	0	82800	0	3600	S	-
110	1937	1937	10	2	-1	0	86400	0	0	-	-
110	1938	1938	4	2	-1	0	82800	0	3600	S	-
110	1938	1938	4	30	-1	0	82800	0	7200	M	-
110	1938	1938	10	2	-1	0	86400	0	3600	S	-
110	1939	1939	10	7	-1	0	86400	0	0	-	-
110	1942	1942	5	2	-1	0	82800	0	3600	S	-
110	1942	1942	9	1	-1	0	3600	0	0	-	-
110	1943	1946	4	13	6	1	82800	0	3600	S	-
110	1943	1944	10	1	0	1	3600	0	0	-	-
110	1945	1946	9	0	0	0	3600	0	0	-	-
110	1949	1949	4	30	-1	0	82800	0	3600	S	-
110	1949	1949	10	2	-1	0	3600	0	0	-	-
110	1974	1975	4	12	6	1	82800	0	3600	S	-
110	1974	1975	10	1	0	1	3600	0	0	-	-
110	1976	1976	3	27	-1	0	82800	0	3600	S	-
110	1976	1977	9	0	0	0	3600	0	0	-	-
110	1977	1977	4	2	-1	0	82800	0	3600	S	-
110	1978	1978	4	2	-1	0	7200	0	3600	S	-
110	1978	1978	10	1	-1	0	7200	0	0	-	-
111	1967	1967	6	3	-1	0	43200	0	3600	S	-
111	1967	1967	10	1	-1	0	0	0	0	-	-
111	1974	1974	6	24	-1	0	0	0	3600	S	-
111	1974	1974	9	1	-1	0	0	0	0	-	-
111	1976	1977	5	1	-1	0	0	0	3600	S	-
111	1976	1976	8	1	-1	0	0	0	0	-	-
111	1977	1977	9	28	-1	0	0	0	0	-	-
111	1978	1978	6	1	-1	0	0	0	3600	S	-
111	1978	1978	8	4	-1	0	0	0	0	-	-
112	1917	1917	4	8	-1	0	7200	0	3600	D	-
112	1917	1917	9	17	-1	0	7200	0	0	S	-
112	1919	1919	5	5	-1	0	82800	0	3600	D	-
112	1919	1919	8	12	-1	0	82800	0	0	S	-
112	1920	1935	5	1	0	1	82800	0	3600	D	-
112	1920	1935	10	0	0	0	82800	0	0	S	-
112	1936	1941	5	9	1	1	0	0	3600	D	-
112	1936	1941	10	2	1	1	0	0	0	S	-
112	1946	1950	5	8	0	1	7200	0	3600	D	-
112	1946	1950	10	2	0	1	7200	0	0	S	-
112	1951	1986	4	0	0	0	7200	0	3600	D	-
112	1951	1959	9	0	0	0	7200	0	0	S	-
112	1960	1986	10	0	0	0	7200	0	0	S	-
112	1987	1987	4	1	0	1	60	0	3600	D	-
112	1987	2006	10	0	0	0	60	0	0	S	-
112	1988	1988	4	1	0	1	60	0	7200	DD	-
112	1989	2006	4	1	0	1	60	0	3600	D	-
112	2007	2011	3	8	0	1	60	0	3600	D	-
112	2007	2010	11	1	0	1	60	0	0	S	-
113	1947	1961	4	0	0	0	7200	0	3600	D	-
113	1947	1954	9	0	0	0	7200	0	0	S	-
113	1955	1956	10	0	0	0	7200	0	0	S	-
113	1957	1958	9	0	0	0	7200	0	0	S	-
113	1959	1961	10	0	0	0	7200	0	0	S	-
114	1970	1970	5	1	-1	0	0	0	3600	S	-
114	1970	1985	10	15	-1	0	0	0	0	-	-
114	1971	1971	4	30	-1	0	0	0	3600	S	-
114	1972	1985	4	0	0	0	0	0	3600	S	-
115	1957	1957	4	0	0	0	7200	0	3600	D	-
115	1957	1957	10	0	0	0	7200	0	0	S	-
115	1959	1961	4	0	0	0	7200	0	3600	D	-
115	1959	1959	10	0	0	0	7200	0	0	S	-
115	1960	1961	9	0	0	0	7200	0	0	S	-
116	1941	1942	5	1	1	1	3600	0	3600	S	-
116	1941	1942	10	1	1	1	7200	0	0	-	-
117	1920	1923	4	15	0	1	7200	0	3600	S	-
117	1920	1923	10	1	0	1	7200	0	0	-	-
117	1962	1962	4	29	-1	0	7200	0	3600	S	-
117	1962	1962	10	1	-1	0	7200	0	0	-	-
117	1963	1965	5	1	-1	0	7200	0	3600	S	-
117	1963	1963	9	30	-1	0	7200	0	0	-	-
117	1964	1964	10	1	-1	0	7200	0	0	-	-
117	1965	1965	9	30	-1	0	7200	0	0	-	-
117	1966	1966	4	24	-1	0	7200	0	3600	S	-
117	1966	1976	10	1	-1	0	7200	0	0	-	-
117	1967	1978	5	1	-1	0	7200	0	3600	S	-
117	1977	1978	9	1	-1	0	7200	0	0	-	-
117	1983	1984	4	9	-1	0	7200	0	3600	S	-
117	1983	1984	10	1	-1	0	7200	0	0	-	-
117	1986	1986	2	16	-1	0	7200	0	3600	S	-
117	1986	1986	10	9	-1	0	7200	0	0	-	-
117	1987	1987	3	1	-1	0	7200	0	3600	S	-
117	1987	1988	10	31	-1	0	7200	0	0	-	-
117	1988	1988	3	15	-1	0	7200	0	3600	S	-
117	1989	1989	3	31	-1	0	7200	0	3600	S	-
117	1989	1989	10	1	-1	0	7200	0	0	-	-
117	1990	1990	4	1	-1	0	7200	0	3600	S	-
117	1990	1990	9	30	-1	0	7200	0	0	-	-
117	1991	1991	4	1	-1	0	0	0	3600	S	-
117	1991	1992	10	1	-1	0	0	0	0	-	-
117	1992	1992	4	8	-1	0	0	0	3600	S	-
117	1993	1993	3	26	-1	0	0	0	3600	S	-
117	1993	1993	9	25	-1	0	0	0	0	-	-
117	1994	1996	4	1	-1	0	0	0	3600	S	-
117	1994	2005	10	1	-1	0	0	0	0	-	-
117	1997	1998	3	0	1	0	0	0	3600	S	-
117	1999	2006	4	1	-1	0	0	0	3600	S	-
117	2006	2006	9	22	-1	0	0	0	0	-	-
117	2007	2007	3	0	5	0	0	0	3600	S	-
117	2007	2007	11	1	5	1	0	0	0	-	-
117	2008	2008	4	1	5	1	0	0	3600	S	-
117	2008	2008	11	1	-1	0	0	0	0	-	-
117	2009	2009	3	0	5	0	0	0	3600	S	-
117	2010	2011	4	1	5	1	0	0	3600	S	-
117	2012	2022	3	0	5	0	0	0	3600	S	-
117	2009	2022	10	0	5	0	0	0	0	-	-
118	1946	1946	5	15	-1	0	0	0	3600	D	-
118	1946	1946	10	1	-1	0	0	0	0	S	-
118	1947	1947	4	15	-1	0	0	0	3600	D	-
118	1947	1947	11	1	-1	0	0	0	0	S	-
118	1948	1951	5	1	-1	0	0	0	3600	D	-
118	1948	1951	10	1	-1	0	0	0	0	S	-
118	1952	1952	3	1	-1	0	0	0	3600	D	-
118	1952	1954	11	1	-1	0	0	0	0	S	-
118	1953	1959	4	1	-1	0	0	0	3600	D	-
118	1955	1961	10	1	-1	0	0	0	0	S	-
118	1960	1961	6	1	-1	0	0	0	3600	D	-
118	1974	1975	4	1	-1	0	0	0	3600	D	-
118	1974	1975	10	1	-1	0	0	0	0	S	-
118	1979	1979	7	1	-1	0	0	0	3600	D	-
118	1979	1979	10	1	-1	0	0	0	0	S	-
119	1991	1992	3	0	0	0	7200	0	3600	D	-
119	1991	1992	9	0	0	0	7200	0	0	S	-
119	1993	2006	4	1	0	1	7200	0	3600	D	-
119	1993	2006	10	0	0	0	7200	0	0	S	-
119	2007	-1	3	8	0	1	7200	0	3600	D	-
119	2007	-1	11	1	0	1	7200	0	0	S	-
120	1999	1999	10	7	-1	0	7200	0	3600	-	-
120	2000	2000	3	19	-1	0	7200	0	0	-	-
120	2000	2001	11	1	0	1	7200	0	3600	-	-
120	2001	2002	1	0	0	0	7200	0	0	-	-
120	2016	2016	11	1	0	1	7200	0	3600	-	-
120	2017	2017	1	15	0	1	10800	0	0	-	-
121	1919	1919	3	30	-1	0	84600	0	3600	D	-
121	1919	1919	10	26	-1	0	0	0	0	S	-
121	1920	1920	5	2	-1	0	7200	0	3600	D	-
121	1920	1920	9	26	-1	0	0	0	0	S	-
121	1921	1921	5	15	-1	0	7200	0	3600	D	-
121	1921	1921	9	15	-1	0	7200	0	0	S	-
121	1922	1923	5	8	0	1	7200	0	3600	D	-
121	1922	1926	9	15	0	1	7200	0	0	S	-
121	1924	1927	5	1	0	1	7200	0	3600	D	-
121	1927	1937	9	25	0	1	7200	0	0	S	-
121	1928	1937	4	25	0	1	7200	0	3600	D	-
121	1938	1940	4	0	0	0	7200	0	3600	D	-
121	1938	1939	9	0	0	0	7200	0	0	S	-
121	1945	1948	9	0	0	0	7200	0	0	S	-
121	1946	1973	4	0	0	0	7200	0	3600	D	-
121	1949	1950	11	0	0	0	7200	0	0	S	-
121	1951	1956	9	0	0	0	7200	0	0	S	-
121	1957	1973	10	0	0	0	7200	0	0	S	-
122	2005	-1	3	0	0	0	3600	1	7200	+02	-
122	2004	-1	10	0	0	0	3600	1	0	+00	-
123	1939	1939	4	15	-1	0	82800	0	3600	S	-
123	1939	1939	11	18	-1	0	82800	0	0	-	-
123	1940	1940	2	25	-1	0	82800	0	3600	S	-
123	1941	1941	10	6	-1	0	0	0	0	-	-
123	1942	1942	3	9	-1	0	0	0	3600	S	-
123	1942	1942	11	2	-1	0	10800	0	0	-	-
123	1943	1943	3	29	-1	0	7200	0	3600	S	-
123	1943	1943	4	17	-1	0	7200	0	0	-	-
123	1943	1943	4	25	-1	0	7200	0	3600	S	-
123	1943	1943	10	4	-1	0	7200	0	0	-	-
123	1944	1945	4	1	1	1	7200	0	3600	S	-
123	1944	1944	10	8	-1	0	0	0	0	-	-
123	1945	1945	9	16	-1	0	0	0	0	-	-
123	1977	1977	4	30	-1	0	0	0	3600	S	-
123	1977	1977	9	24	-1	0	0	0	0	-	-
123	1978	1978	5	1	-1	0	0	0	3600	S	-
123	1978	1978	10	1	-1	0	0	0	0	-	-
123	1988	1988	6	1	-1	0	0	0	3600	S	-
123	1988	1990	9	0	0	0	0	0	0	-	-
123	1989	1989	3	26	-1	0	0	0	3600	S	-
123	1990	1990	5	1	-1	0	0	0	3600	S	-
123	2005	2005	5	1	-1	0	0	0	3600	S	-
123	2005	2005	9	30	-1	0	3600	0	0	-	-
123	2006	2008	3	0	0	0	7200	0	3600	S	-
123	2006	2008	10	0	0	0	7200	0	0	-	-
124	1916	1916	5	1	-1	0	0	0	3600	S	-
124	1916	1916	10	1	-1	0	0	0	0	-	-
124	1920	1920	3	28	-1	0	0	0	3600	S	-
124	1920	1920	10	25	-1	0	0	0	0	-	-
124	1921	1921	4	3	-1	0	0	0	3600	S	-
124	1921	1921	10	3	-1	0	0	0	0	-	-
124	1922	1922	3	26	-1	0	0	0	3600	S	-
124	1922	1922	10	8	-1	0	0	0	0	-	-
124	1924	1924	5	13	-1	0	0	0	3600	S	-
124	1924	1925	10	1	-1	0	0	0	0	-	-
124	1925	1925	5	1	-1	0	0	0	3600	S	-
124	1940	1940	7	1	-1	0	0	0	3600	S	-
124	1940	1940	10	6	-1	0	0	0	0	-	-
124	1940	1940	12	1	-1	0	0	0	3600	S	-
124	1941	1941	9	21	-1	0	0	0	0	-	-
124	1942	1942	4	1	-1	0	0	0	3600	S	-
124	1945	1945	10	8	-1	0	0	0	0	-	-
124	1946	1946	6	1	-1	0	0	0	3600	S	-
124	1946	1946	10	1	-1	0	0	0	0	-	-
124	1947	1948	4	16	0	1	0	0	3600	S	-
124	1947	1951	10	2	0	1	0	0	0	-	-
124	1949	1949	4	10	-1	0	0	0	3600	S	-
124	1950	1950	4	16	-1	0	0	0	3600	S	-
124	1951	1951	4	22	-1	0	0	0	3600	S	-
124	1962	1962	7	15	-1	0	0	0	3600	S	-
124	1963	1963	10	30	-1	0	0	0	0	-	-
124	1964	1964	5	15	-1	0	0	0	3600	S	-
124	1964	1964	10	1	-1	0	0	0	0	-	-
124	1973	1973	6	3	-1	0	3600	0	3600	S	-
124	1973	1976	10	31	0	1	7200	0	0	-	-
124	1974	1974	3	31	-1	0	7200	0	3600	S	-
124	1975	1975	3	22	-1	0	7200	0	3600	S	-
124	1976	1976	3	21	-1	0	7200	0	3600	S	-
124	1977	1978	4	1	0	1	7200	0	3600	S	-
124	1977	1978	10	15	0	1	7200	0	0	-	-
124	1978	1978	6	29	-1	0	0	0	0	-	-
124	1983	1983	7	31	-1	0	7200	0	3600	S	-
124	1983	1983	10	2	-1	0	7200	0	0	-	-
124	1985	1985	4	20	-1	0	3600	0	3600	S	-
124	1985	1985	9	28	-1	0	3600	0	0	-	-
124	1986	1993	3	0	0	0	3600	0	3600	S	-
124	1986	1995	9	0	0	0	3600	0	0	-	-
124	1994	1994	3	20	-1	0	3600	0	3600	S	-
124	1995	2006	3	0	0	0	3600	0	3600	S	-
124	1996	2006	10	0	0	0	3600	0	0	-	-
125	1918	1919	3	0	0	0	7200	0	3600	D	-
125	1918	1919	10	0	0	0	7200	0	0	S	-
125	1942	1942	2	9	-1	0	7200	0	3600	W	War
125	1945	1945	8	14	-1	0	82800	1	3600	P	Peace
125	1945	1945	9	30	-1	0	7200	0	0	S	-
125	1967	2006	10	0	0	0	7200	0	0	S	-
125	1967	1973	4	0	0	0	7200	0	3600	D	-
125	1974	1974	1	6	-1	0	7200	0	3600	D	-
125	1975	1975	2	0	0	0	7200	0	3600	D	-
125	1976	1986	4	0	0	0	7200	0	3600	D	-
125	1987	2006	4	1	0	1	7200	0	3600	D	-
125	2007	-1	3	8	0	1	7200	0	3600	D	-
125	2007	-1	11	1	0	1	7200	0	0	S	-
126	1923	1925	10	1	-1	0	0	0	1800	-	-
126	1924	1926	4	1	-1	0	0	0	0	-	-
126	1933	1938	10	0	0	0	0	0	1800	-	-
126	1934	1941	3	0	6	0	86400	0	0	-	-
126	1939	1939	10	1	-1	0	0	0	1800	-	-
126	1940	1940	10	27	-1	0	0	0	1800	-	-
126	1941	1941	8	1	-1	0	0	0	1800	-	-
126	1942	1942	12	14	-1	0	0	0	1800	-	-
126	1943	1943	3	14	-1	0	0	0	0	-	-
126	1959	1959	5	24	-1	0	0	0	1800	-	-
126	1959	1959	11	15	-1	0	0	0	0	-	-
126	1960	1960	1	17	-1	0	0	0	3600	-	-
126	1960	1960	3	6	-1	0	0	0	0	-	-
126	1965	1965	4	4	-1	0	0	0	3600	-	-
126	1965	1965	9	26	-1	0	0	0	0	-	-
126	1968	1968	5	27	-1	0	0	0	1800	-	-
126	1968	1968	12	1	-1	0	0	0	0	-	-
126	1970	1970	4	25	-1	0	0	0	3600	-	-
126	1970	1970	6	14	-1	0	0	0	0	-	-
126	1972	1972	4	23	-1	0	0	0	3600	-	-
126	1972	1972	7	16	-1	0	0	0	0	-	-
126	1974	1974	1	13	-1	0	0	0	5400	-	-
126	1974	1974	3	10	-1	0	0	0	1800	-	-
126	1974	1974	9	1	-1	0	0	0	0	-	-
126	1974	1974	12	22	-1	0	0	0	3600	-	-
126	1975	1975	3	30	-1	0	0	0	0	-	-
126	1976	1976	12	19	-1	0	0	0	3600	-	-
126	1977	1977	3	6	-1	0	0	0	0	-	-
126	1977	1977	12	4	-1	0	0	0	3600	-	-
126	1978	1979	3	1	0	1	0	0	0	-	-
126	1978	1978	12	17	-1	0	0	0	3600	-	-
126	1979	1979	4	29	-1	0	0	0	3600	-	-
126	1980	1980	3	16	-1	0	0	0	0	-	-
126	1987	1987	12	14	-1	0	0	0	3600	-	-
126	1988	1988	2	28	-1	0	0	0	0	-	-
126	1988	1988	12	11	-1	0	0	0	3600	-	-
126	1989	1989	3	5	-1	0	0	0	0	-	-
126	1989	1989	10	29	-1	0	0	0	3600	-	-
126	1990	1990	2	25	-1	0	0	0	0	-	-
126	1990	1991	10	21	0	1	0	0	3600	-	-
126	1991	1992	3	1	0	1	0	0	0	-	-
126	1992	1992	10	18	-1	0	0	0	3600	-	-
126	1993	1993	2	28	-1	0	0	0	0	-	-
126	2004	2004	9	19	-1	0	0	0	3600	-	-
126	2005	2005	3	27	-1	0	7200	0	0	-	-
126	2005	2005	10	9	-1	0	7200	0	3600	-	-
126	2006	2015	3	8	0	1	7200	0	0	-	-
126	2006	2014	10	1	0	1	7200	0	3600	-	-
127	1918	1918	4	14	-1	0	7200	0	3600	D	-
127	1918	1918	10	27	-1	0	7200	0	0	S	-
127	1942	1942	2	9	-1	0	7200	0	3600	W	War
127	1945	1945	8	14	-1	0	82800	1	3600	P	Peace
127	1945	1945	9	30	-1	0	7200	0	0	S	-
127	1946	1986	4	0	0	0	7200	0	3600	D	-
127	1946	1946	9	29	-1	0	7200	0	0	S	-
127	1947	1961	9	0	0	0	7200	0	0	S	-
127	1962	2006	10	0	0	0	7200	0	0	S	-
128	1973	1973	12	22	-1	0	43200	1	3600	-	-
128	1974	1974	3	30	-1	0	43200	1	0	-	-
128	1983	1991	9	22	6	1	86400	0	3600	-	-
128	1984	1991	3	22	6	1	86400	0	0	-	-
128	1992	1993	1	22	6	1	86400	0	0	-	-
128	1992	1992	10	22	6	1	86400	0	3600	-	-
129	1946	1946	4	0	0	0	7200	0	3600	D	-
129	1946	1946	9	0	0	0	7200	0	0	S	-
129	1953	1954	4	0	0	0	7200	0	3600	D	-
129	1953	1959	9	0	0	0	7200	0	0	S	-
129	1955	1955	5	1	-1	0	0	0	3600	D	-
129	1956	1963	4	0	0	0	7200	0	3600	D	-
129	1960	1960	10	0	0	0	7200	0	0	S	-
129	1961	1961	9	0	0	0	7200	0	0	S	-
129	1962	1963	10	0	0	0	7200	0	0	S	-
130	1977	1980	4	1	0	1	3600	0	3600	S	-
130	1977	1977	9	0	0	0	3600	0	0	-	-
130	1978	1978	10	1	-1	0	3600	0	0	-	-
130	1979	1995	9	0	0	0	3600	0	0	-	-
130	1981	-1	3	0	0	0	3600	0	3600	S	-
130	1996	-1	10	0	0	0	3600	0	0	-	-
131	2010	2010	9	0	0	0	0	0	3600	-	-
131	2011	2011	4	1	6	1	14400	0	0	-	-
131	2011	2011	9	0	6	0	10800	0	3600	-	-
131	2012	2021	4	1	0	1	14400	0	0	-	-
131	2012	2020	9	0	0	0	10800	0	3600	-	-
132	1916	1916	4	23	-1	0	0	0	3600	D	-
132	1916	1916	9	17	-1	0	0	0	0	S	-
132	1918	1918	4	14	-1	0	7200	0	3600	D	-
132	1918	1918	10	27	-1	0	7200	0	0	S	-
132	1937	1937	5	16	-1	0	7200	0	3600	D	-
132	1937	1937	9	26	-1	0	7200	0	0	S	-
132	1942	1942	2	9	-1	0	7200	0	3600	W	War
132	1945	1945	8	14	-1	0	82800	1	3600	P	Peace
132	1945	1945	9	0	0	0	7200	0	0	S	-
132	1946	1946	5	12	-1	0	7200	0	3600	D	-
132	1946	1946	10	13	-1	0	7200	0	0	S	-
132	1947	1949	4	0	0	0	7200	0	3600	D	-
132	1947	1949	9	0	0	0	7200	0	0	S	-
132	1950	1950	5	1	-1	0	7200	0	3600	D	-
132	1950	1950	9	30	-1	0	7200	0	0	S	-
132	1951	1960	4	0	0	0	7200	0	3600	D	-
132	1951	1958	9	0	0	0	7200	0	0	S	-
132	1959	1959	10	0	0	0	7200	0	0	S	-
132	1960	1960	9	0	0	0	7200	0	0	S	-
132	1963	1963	4	0	0	0	7200	0	3600	D	-
132	1963	1963	9	22	-1	0	7200	0	0	S	-
132	1966	1986	4	0	0	0	7200	0	3600	D	-
132	1966	2005	10	0	0	0	7200	0	0	S	-
132	1987	2005	4	1	0	1	7200	0	3600	D	-
133	1965	1965	4	0	0	0	0	0	7200	DD	-
133	1965	1965	10	0	0	0	7200	0	0	S	-
134	1940	1940	5	31	-1	0	86400	1	3600	D	-
134	1940	1940	9	30	-1	0	86400	1	0	S	-
134	1940	1940	11	16	-1	0	86400	1	3600	D	-
134	1942	1946	10	31	-1	0	86400	1	0	S	-
134	1943	1944	3	31	-1	0	86400	1	3600	D	-
134	1945	1946	4	15	-1	0	86400	1	3600	D	-
134	1948	1948	5	22	-1	0	86400	1	7200	DD	-
134	1948	1948	8	31	-1	0	86400	1	3600	D	-
134	1948	1949	10	31	-1	0	86400	1	0	S	-
134	1949	1949	4	30	-1	0	86400	1	3600	D	-
134	1950	1950	4	15	-1	0	86400	1	3600	D	-
134	1950	1950	9	14	-1	0	86400	1	0	S	-
134	1951	1951	3	31	-1	0	86400	1	3600	D	-
134	1951	1951	11	10	-1	0	86400	1	0	S	-
134	1952	1952	4	19	-1	0	86400	1	3600	D	-
134	1952	1952	10	18	-1	0	86400	1	0	S	-
134	1953	1953	4	11	-1	0	86400	1	3600	D	-
134	1953	1953	9	12	-1	0	86400	1	0	S	-
134	1954	1954	6	12	-1	0	86400	1	3600	D	-
134	1954	1954	9	11	-1	0	86400	1	0	S	-
134	1955	1955	6	11	-1	0	86400	1	3600	D	-
134	1955	1955	9	10	-1	0	86400	1	0	S	-
134	1956	1956	6	2	-1	0	86400	1	3600	D	-
134	1956	1956	9	29	-1	0	86400	1	0	S	-
134	1957	1957	4	27	-1	0	86400	1	3600	D	-
134	1957	1957	9	21	-1	0	86400	1	0	S	-
134	1974	1974	7	6	-1	0	86400	0	3600	D	-
134	1974	1974	10	12	-1	0	86400	0	0	S	-
134	1975	1975	4	19	-1	0	86400	0	3600	D	-
134	1975	1975	8	30	-1	0	86400	0	0	S	-
134	1980	1980	8	2	-1	0	86400	0	3600	D	-
134	1980	1980	9	13	-1	0	86400	0	0	S	-
134	1984	1984	5	5	-1	0	86400	0	3600	D	-
134	1984	1984	8	25	-1	0	86400	0	0	S	-
134	1985	1985	4	13	-1	0	86400	0	3600	D	-
134	1985	1985	8	31	-1	0	86400	0	0	S	-
134	1986	1986	5	17	-1	0	86400	0	3600	D	-
134	1986	1986	9	6	-1	0	86400	0	0	S	-
134	1987	1987	4	14	-1	0	86400	0	3600	D	-
134	1987	1987	9	12	-1	0	86400	0	0	S	-
134	1988	1988	4	9	-1	0	86400	0	3600	D	-
134	1988	1988	9	3	-1	0	86400	0	0	S	-
134	1989	1989	4	29	-1	0	86400	0	3600	D	-
134	1989	1989	9	2	-1	0	86400	0	0	S	-
134	1990	1990	3	24	-1	0	86400	0	3600	D	-
134	1990	1990	8	25	-1	0	86400	0	0	S	-
134	1991	1991	3	23	-1	0	86400	0	3600	D	-
134	1991	1991	8	31	-1	0	86400	0	0	S	-
134	1992	1992	3	28	-1	0	86400	0	3600	D	-
134	1992	1992	9	5	-1	0	86400	0	0	S	-
134	1993	1993	4	2	-1	0	0	0	3600	D	-
134	1993	1993	9	5	-1	0	0	0	0	S	-
134	1994	1994	4	1	-1	0	0	0	3600	D	-
134	1994	1994	8	28	-1	0	0	0	0	S	-
134	1995	1995	3	31	-1	0	0	0	3600	D	-
134	1995	1995	9	3	-1	0	0	0	0	S	-
134	1996	1996	3	14	-1	0	86400	0	3600	D	-
134	1996	1996	9	15	-1	0	86400	0	0	S	-
134	1997	1997	3	20	-1	0	86400	0	3600	D	-
134	1997	1997	9	13	-1	0	86400	0	0	S	-
134	1998	1998	3	20	-1	0	0	0	3600	D	-
134	1998	1998	9	6	-1	0	0	0	0	S	-
134	1999	1999	4	2	-1	0	7200	0	3600	D	-
134	1999	1999	9	3	-1	0	7200	0	0	S	-
134	2000	2000	4	14	-1	0	7200	0	3600	D	-
134	2000	2000	10	6	-1	0	3600	0	0	S	-
134	2001	2001	4	9	-1	0	3600	0	3600	D	-
134	2001	2001	9	24	-1	0	3600	0	0	S	-
134	2002	2002	3	29	-1	0	3600	0	3600	D	-
134	2002	2002	10	7	-1	0	3600	0	0	S	-
134	2003	2003	3	28	-1	0	3600	0	3600	D	-
134	2003	2003	10	3	-1	0	3600	0	0	S	-
134	2004	2004	4	7	-1	0	3600	0	3600	D	-
134	2004	2004	9	22	-1	0	3600	0	0	S	-
134	2005	2012	4	1	5	0	7200	0	3600	D	-
134	2005	2005	10	9	-1	0	7200	0	0	S	-
134	2006	2006	10	1	-1	0	7200	0	0	S	-
134	2007	2007	9	16	-1	0	7200	0	0	S	-
134	2008	2008	10	5	-1	0	7200	0	0	S	-
134	2009	2009	9	27	-1	0	7200	0	0	S	-
134	2010	2010	9	12	-1	0	7200	0	0	S	-
134	2011	2011	10	2	-1	0	7200	0	0	S	-
134	2012	2012	9	23	-1	0	7200	0	0	S	-
134	2013	-1	3	23	5	1	7200	0	3600	D	-
134	2013	-1	10	0	0	0	7200	0	0	S	-
