1	-968	0	0	LMT	2419400.5111921295	-
1	0	0	0	GMT	-1.0000000000	-
4	732	0	0	LMT	2411805.4915162036	-
4	561	0	0	PMT	2419106.4934953703	Paris Mean Time
4	0	8	0	WE%sT	2429683.5833217595	-
4	3600	8	0	CE%sT	2432098.4583217595	-
4	0	0	0	WET	2435500.4999884260	-
4	3600	0	0	CET	2438132.4583217595	-
4	0	8	0	WE%sT	2443431.4999884260	-
4	3600	8	0	CE%sT	2444166.4583217595	-
4	0	8	0	WE%sT	2444719.4999884260	-
4	3600	0	0	CET	-1.0000000000	-
9	-3740	0	0	LMT	2419400.5416550925	-
9	-3600	0	0	%z	2442407.5416550925	-
9	0	0	0	GMT	-1.0000000000	-
13	7509	0	0	LMT	2415291.4130787039	-
13	7200	42	0	EE%sT	-1.0000000000	-
14	-1820	0	0	LMT	2420065.5210532406	-
14	0	81	0	%z	2445769.4999884260	-
14	3600	0	0	%z	2446425.4583217595	-
14	0	81	0	%z	2458418.6249884260	-
14	3600	81	0	%z	-1.0000000000	-
15	-1276	0	0	LMT	2415382.4999884260	-
15	0	0	0	WET	2421718.4583217595	-
15	0	0	3600	WEST	2421872.4583217595	-
15	0	0	0	WET	2423780.4999884260	-
15	0	110	0	WE%sT	2425607.4999884260	-
15	0	0	0	WET	2439488.4999884260	Help zishrink.awk.
15	0	111	0	WE%sT	2445769.4999884260	-
15	3600	0	0	CET	2446425.4583217595	-
15	3600	38	0	CE%sT	-1.0000000000	-
21	-3168	0	0	LMT	2427436.5366550926	El Aaiún
21	-3600	0	0	%z	2442878.5416550925	-
21	0	81	0	%z	2458418.6249884260	-
21	3600	81	0	%z	-1.0000000000	-
25	6720	0	0	LMT	2412134.4222106482	-
25	5400	0	0	SAST	2416166.4374884260	-
25	7200	105	0	SAST	-1.0000000000	-
26	7588	0	0	LMT	2426335.4121643519	-
26	7200	114	0	CA%sT	2451558.9166550925	-
26	10800	0	0	EAT	2459244.3749884260	-
26	7200	0	0	CAT	-1.0000000000	-
28	7808	0	0	LMT	2426335.4096180554	-
28	7200	114	0	CA%sT	2451558.9166550925	-
28	10800	0	0	EAT	2458054.3749884260	-
28	7200	0	0	CAT	-1.0000000000	-
31	815	0	0	LMT	2417027.4905555556	-
31	0	0	0	GMT	2418119.4999884260	-
31	815	0	0	LMT	2420128.4905555556	-
31	1800	0	0	%z	2422200.4791550925	-
31	3600	0	0	WAT	-1.0000000000	-
38	7818	0	0	LMT	2418299.4095023149	-
38	7200	0	0	CAT	-1.0000000000	-
42	-2588	0	0	LMT	2408443.5299421297	-
42	-2588	0	0	MMT	2422011.5299421297	Monrovia Mean Time
42	-2670	0	0	MMT	2441317.5308912038	approximately MMT
42	0	0	0	GMT	-1.0000000000	-
43	8836	0	0	LMT	2418056.3977199076	-
43	9000	0	0	%z	2425428.3958217595	-
43	10800	0	0	EAT	2425981.3749884260	-
43	9000	0	0	%z	2428529.3958217595	-
43	9900	0	0	%z	2430566.3854050925	-
43	10800	0	0	EAT	-1.0000000000	-
44	3612	0	0	LMT	2419400.4581828704	N'Djamena
44	3600	0	0	WAT	2444159.4583217595	-
44	3600	0	3600	WAST	2444306.4583217595	-
44	3600	0	0	WAT	-1.0000000000	-
49	1616	0	0	LMT	2409171.4812847222	-
49	-2205	0	0	LMT	2419400.4999884260	Lisbon MT
49	0	0	0	GMT	2458117.5416550925	-
49	3600	0	0	WAT	2458481.5416550925	-
49	0	0	0	GMT	-1.0000000000	-
50	3164	0	0	LMT	2422317.4633680554	-
50	3600	70	0	CE%sT	2436562.4583217595	-
50	7200	0	0	EET	2444962.4166550925	-
50	3600	70	0	CE%sT	2448009.4583217595	-
50	7200	0	0	EET	2450354.4166550925	-
50	3600	70	0	CE%sT	2450725.4583217595	-
50	7200	0	0	EET	2456241.4999884260	-
50	3600	70	0	CE%sT	2456584.5416550925	-
50	7200	0	0	EET	-1.0000000000	-
51	2444	0	0	LMT	2408207.4717013887	-
51	561	0	0	PMT	2419106.4934953703	Paris Mean Time
51	3600	123	0	CE%sT	-1.0000000000	-
52	4104	0	0	LMT	2412134.4524884261	-
52	5400	0	0	%z	2416166.4374884260	-
52	7200	0	0	SAST	2430621.4999884260	-
52	7200	0	3600	SAST	2430803.4999884260	-
52	7200	0	0	SAST	2447967.4166550925	independence
52	7200	87	0	%s	-1.0000000000	-
53	44002	0	0	LMT	2403258.5216666665	-
53	-42398	0	0	LMT	2415250.4907060186	-
53	-39600	0	0	NST	2430353.9583217595	-
53	-39600	125	0	N%sT	2431816.9583217595	-
53	-39600	0	0	NST	2439574.9583217595	-
53	-39600	0	0	BST	2440216.9583217595	-
53	-39600	125	0	B%sT	2445637.0416550925	-
53	-36000	125	0	AH%sT	2445664.9166550925	-
53	-36000	125	0	H%sT	-1.0000000000	-
54	50424	0	0	LMT	2403258.5216666665	-
54	-35976	0	0	LMT	2415250.4163773148	-
54	-36000	0	0	AST	2430353.9166550925	-
54	-36000	125	0	A%sT	2439574.9166550925	-
54	-36000	0	0	AHST	2440216.9166550925	-
54	-36000	125	0	AH%sT	2445636.9999884260	-
54	-32400	125	0	Y%sT	2445664.8749884260	-
54	-32400	125	0	AK%sT	-1.0000000000	-
57	-11568	0	0	LMT	2420126.6338773146	-
57	-10800	18	0	%z	2448149.6249884260	-
57	-10800	0	0	%z	2449969.6249884260	-
57	-10800	18	0	%z	2452902.6249884260	-
57	-10800	0	0	%z	2456220.6249884260	-
57	-10800	18	0	%z	2456528.6249884260	-
57	-10800	0	0	%z	-1.0000000000	-
58	-14028	0	0	LMT	2413128.6623495370	-
58	-15408	0	0	CMT	2422438.6783217592	Córdoba Mean Time
58	-14400	0	0	%z	2426309.6666550925	-
58	-14400	9	0	%z	2440498.6666550925	-
58	-10800	9	0	%z	2451453.6249884260	-
58	-14400	9	0	%z	2451600.6666550925	-
58	-10800	9	0	%z	-1.0000000000	-
59	-15788	0	0	LMT	2413128.6827199073	-
59	-15408	0	0	CMT	2422438.6783217592	-
59	-14400	0	0	%z	2426309.6666550925	-
59	-14400	9	0	%z	2440498.6666550925	-
59	-10800	9	0	%z	2448317.6249884260	-
59	-14400	0	0	%z	2448548.6666550925	-
59	-10800	9	0	%z	2451453.6249884260	-
59	-14400	9	0	%z	2451600.6666550925	-
59	-10800	0	0	%z	2453154.6249884260	-
59	-14400	0	0	%z	2453175.6666550925	-
59	-10800	9	0	%z	2454757.6249884260	-
59	-10800	0	0	%z	-1.0000000000	-
60	-15408	0	0	LMT	2413128.6783217592	-
60	-15408	0	0	CMT	2422438.6783217592	-
60	-14400	0	0	%z	2426309.6666550925	-
60	-14400	9	0	%z	2440498.6666550925	-
60	-10800	9	0	%z	2448317.6249884260	-
60	-14400	0	0	%z	2448548.6666550925	-
60	-10800	9	0	%z	2451453.6249884260	-
60	-14400	9	0	%z	2451600.6666550925	-
60	-10800	9	0	%z	-1.0000000000	-
61	-15672	0	0	LMT	2413128.6813773150	-
61	-15408	0	0	CMT	2422438.6783217592	-
61	-14400	0	0	%z	2426309.6666550925	-
61	-14400	9	0	%z	2440498.6666550925	-
61	-10800	9	0	%z	2447953.6249884260	-
61	-14400	0	0	%z	2448191.6666550925	-
61	-14400	0	3600	%z	2448331.6666550925	-
61	-14400	0	0	%z	2448534.6666550925	-
61	-10800	0	3600	%z	2448616.6249884260	-
61	-10800	9	0	%z	2451453.6249884260	-
61	-14400	9	0	%z	2451600.6666550925	-
61	-10800	9	0	%z	2454757.6249884260	-
61	-10800	0	0	%z	-1.0000000000	-
62	-16044	0	0	LMT	2413128.6856828704	-
62	-15408	0	0	CMT	2422438.6783217592	-
62	-14400	0	0	%z	2426309.6666550925	-
62	-14400	9	0	%z	2440498.6666550925	-
62	-10800	9	0	%z	2448310.6249884260	-
62	-14400	0	0	%z	2448380.6666550925	-
62	-10800	9	0	%z	2451453.6249884260	-
62	-14400	9	0	%z	2451600.6666550925	-
62	-10800	0	0	%z	2453154.6249884260	-
62	-14400	0	0	%z	2453175.6666550925	-
62	-10800	9	0	%z	2454757.6249884260	-
62	-10800	0	0	%z	-1.0000000000	-
63	-16516	0	0	LMT	2413128.6911458331	-
63	-15408	0	0	CMT	2422438.6783217592	-
63	-14400	0	0	%z	2426309.6666550925	-
63	-14400	9	0	%z	2440498.6666550925	-
63	-10800	9	0	%z	2447953.6249884260	-
63	-14400	0	0	%z	2448177.6666550925	-
63	-14400	0	3600	%z	2448310.6666550925	-
63	-14400	0	0	%z	2448541.6666550925	-
63	-14400	0	3600	%z	2448681.6666550925	-
63	-14400	0	0	%z	2448912.6666550925	-
63	-10800	9	0	%z	2451453.6249884260	-
63	-14400	9	0	%z	2451600.6666550925	-
63	-10800	0	0	%z	2453147.6249884260	-
63	-14400	0	0	%z	2453273.6666550925	-
63	-10800	9	0	%z	2454757.6249884260	-
63	-10800	0	0	%z	-1.0000000000	-
64	-16612	0	0	LMT	2413128.6922569443	-
64	-15408	0	0	CMT	2422438.6783217592	-
64	-14400	0	0	%z	2426309.6666550925	-
64	-14400	9	0	%z	2440498.6666550925	-
64	-10800	9	0	%z	2451453.6249884260	-
64	-14400	9	0	%z	2451600.6666550925	-
64	-10800	0	0	%z	2453154.6249884260	-
64	-14400	0	0	%z	2453175.6666550925	-
64	-10800	9	0	%z	2454757.6249884260	-
64	-10800	0	0	%z	-1.0000000000	-
65	-15700	0	0	LMT	2413128.6817013887	-
65	-15408	0	0	CMT	2422438.6783217592	-
65	-14400	0	0	%z	2426309.6666550925	-
65	-14400	9	0	%z	2440498.6666550925	-
65	-10800	9	0	%z	2448317.6249884260	-
65	-14400	0	0	%z	2448548.6666550925	-
65	-10800	9	0	%z	2451453.6249884260	-
65	-14400	9	0	%z	2451600.6666550925	-
65	-10800	9	0	%z	2454757.6249884260	-
65	-10800	0	0	%z	-1.0000000000	-
66	-16444	0	0	LMT	2413128.6903125001	-
66	-15408	0	0	CMT	2422438.6783217592	-
66	-14400	0	0	%z	2426309.6666550925	-
66	-14400	9	0	%z	2440498.6666550925	-
66	-10800	9	0	%z	2448310.6249884260	-
66	-14400	0	0	%z	2448380.6666550925	-
66	-10800	9	0	%z	2451453.6249884260	-
66	-14400	9	0	%z	2451600.6666550925	-
66	-10800	0	0	%z	2453154.6249884260	-
66	-14400	0	0	%z	2453210.6666550925	-
66	-10800	9	0	%z	2454757.6249884260	-
66	-10800	0	0	%z	-1.0000000000	-
67	-15924	0	0	LMT	2413128.6842939816	-
67	-15408	0	0	CMT	2422438.6783217592	-
67	-14400	0	0	%z	2426309.6666550925	-
67	-14400	9	0	%z	2440498.6666550925	-
67	-10800	9	0	%z	2447888.6249884260	-
67	-10800	0	3600	%z	2447960.6249884260	-
67	-14400	0	0	%z	2448177.6666550925	-
67	-14400	0	3600	%z	2448310.6666550925	-
67	-14400	0	0	%z	2448408.6666550925	-
67	-10800	0	0	%z	2451453.6249884260	-
67	-14400	0	3600	%z	2451600.6666550925	-
67	-10800	0	0	%z	2453154.6249884260	-
67	-14400	0	0	%z	2453210.6666550925	-
67	-10800	9	0	%z	2454484.6249884260	-
67	-14400	107	0	%z	2455114.6666550925	-
67	-10800	0	0	%z	-1.0000000000	-
68	-15652	0	0	LMT	2413128.6811458333	-
68	-15408	0	0	CMT	2422438.6783217592	-
68	-14400	0	0	%z	2426309.6666550925	-
68	-14400	9	0	%z	2440498.6666550925	-
68	-10800	9	0	%z	2448317.6249884260	-
68	-14400	0	0	%z	2448548.6666550925	-
68	-10800	9	0	%z	2451453.6249884260	-
68	-14400	9	0	%z	2451600.6666550925	-
68	-10800	0	0	%z	2453154.6249884260	-
68	-14400	0	0	%z	2453168.6666550925	-
68	-10800	9	0	%z	-1.0000000000	-
69	-16392	0	0	LMT	2413128.6897106483	-
69	-15408	0	0	CMT	2422438.6783217592	-
69	-14400	0	0	%z	2426309.6666550925	-
69	-14400	9	0	%z	2440498.6666550925	-
69	-10800	9	0	%z	2451453.6249884260	-
69	-14400	9	0	%z	2451600.6666550925	-
69	-10800	0	0	%z	2453154.6249884260	-
69	-14400	0	0	%z	2453175.6666550925	-
69	-10800	9	0	%z	2454757.6249884260	-
69	-10800	0	0	%z	-1.0000000000	-
71	-13840	0	0	LMT	2411362.6601736112	-
71	-13840	0	0	AMT	2426624.6601736112	Asunción Mean Time
71	-14400	0	0	%z	2441583.6666550925	-
71	-10800	0	0	%z	2442136.6249884260	-
71	-14400	92	0	%z	2460595.6666550925	-
71	-10800	0	0	%z	-1.0000000000	-
73	-9244	0	0	LMT	2420126.6069791666	-
73	-10800	18	0	%z	2452902.6249884260	-
73	-10800	0	0	%z	2455849.6249884260	-
73	-10800	18	0	%z	2456220.6249884260	-
73	-10800	0	0	%z	-1.0000000000	-
74	-25260	0	0	LMT	2423054.7916550925	-
74	-25200	0	0	MST	2425035.7916550925	-
74	-21600	0	0	CST	2426295.7499884260	-
74	-25200	77	0	M%sT	2426792.7916550925	-
74	-21600	0	0	CST	2430467.7499884260	-
74	-25200	0	0	MST	2440580.7916550925	-
74	-25200	77	0	M%sT	2455289.8749884260	-
74	-21600	77	0	C%sT	-1.0000000000	-
75	-14309	0	0	LMT	2419274.6656018519	Bridgetown
75	-14400	14	0	A%sT	2431088.6666550925	-
75	-14400	14	0	AST/-0330	2431452.6666550925	-
75	-14400	14	0	A%sT	-1.0000000000	-
76	-11636	0	0	LMT	2420126.6346643521	-
76	-10800	18	0	%z	2447414.6249884260	-
76	-10800	0	0	%z	-1.0000000000	-
77	-21168	0	0	LMT	2419491.7449884261	-
77	-21600	16	0	%s	-1.0000000000	-
79	-14560	0	0	LMT	2420126.6685069446	-
79	-14400	18	0	%z	2447414.6666550925	-
79	-14400	0	0	%z	2451446.6666550925	-
79	-14400	18	0	%z	2451831.6666550925	-
79	-14400	0	0	%z	-1.0000000000	-
80	-17776	0	0	LMT	2409243.7057291665	-
80	-17776	0	0	BMT	2420457.7057291665	Bogotá Mean Time
80	-18000	22	0	%z	-1.0000000000	-
81	-27889	0	0	LMT	2409132.3333217595	-
81	-28800	125	0	P%sT	2423551.9166550925	-
81	-25200	125	0	M%sT	2442043.7916550925	-
81	-25200	0	0	MST	2442080.8749884260	-
81	-25200	125	0	M%sT	-1.0000000000	-
82	0	0	0	-00	2422317.4999884260	trading post est.?
82	-25200	84	0	M%sT	2451481.8749884260	-
82	-21600	24	0	C%sT	2451845.8333217595	-
82	-18000	0	0	EST	2451852.7083217595	-
82	-21600	0	0	CST	2451999.8749884260	-
82	-25200	24	0	M%sT	-1.0000000000	-
83	-13108	0	0	LMT	2420126.6517013889	-
83	-14400	18	0	%z	-1.0000000000	-
84	-20824	0	0	LMT	2423054.7499884260	-
84	-21600	0	0	CST	2444964.8333217595	-
84	-18000	0	0	EST	2445335.7083217595	-
84	-21600	77	0	C%sT	2450746.8333217595	-
84	-18000	77	0	E%sT	2451026.7916550925	-
84	-21600	77	0	C%sT	2457053.8333217595	-
84	-18000	0	0	EST	-1.0000000000	-
85	-16064	0	0	LMT	2411362.6859143521	-
85	-16060	0	0	CMT	2419442.6858680556	Caracas Mean Time?
85	-16200	0	0	%z	2438755.6874884260	-
85	-14400	0	0	%z	2454442.7916550925	-
85	-16200	0	0	%z	2457508.7916550925	-
85	-14400	0	0	%z	-1.0000000000	-
86	-12560	0	0	LMT	2419218.6453587962	-
86	-14400	0	0	%z	2439756.6666550925	-
86	-10800	0	0	%z	-1.0000000000	-
88	-21036	0	0	LMT	2409132.2499884260	-
88	-21600	125	0	C%sT	2422317.7499884260	-
88	-21600	26	0	C%sT	2428227.8333217595	-
88	-18000	0	0	EST	2428486.7916550925	-
88	-21600	26	0	C%sT	2430353.7499884260	-
88	-21600	125	0	C%sT	2431816.7499884260	-
88	-21600	26	0	C%sT	2439488.7499884260	-
88	-21600	125	0	C%sT	-1.0000000000	-
89	-25460	0	0	LMT	2423054.7916550925	-
89	-25200	0	0	MST	2425035.7916550925	-
89	-21600	0	0	CST	2426295.7499884260	-
89	-25200	77	0	M%sT	2426792.7916550925	-
89	-21600	0	0	CST	2450079.7499884260	-
89	-21600	77	0	C%sT	2450807.7499884260	-
89	-21600	0	0	CST	2450908.8749884260	-
89	-25200	77	0	M%sT	2459881.8749884260	-
89	-21600	0	0	CST	-1.0000000000	-
90	-25556	0	0	LMT	2423054.7916550925	-
90	-25200	0	0	MST	2425035.7916550925	-
90	-21600	0	0	CST	2426295.7499884260	-
90	-25200	77	0	M%sT	2426792.7916550925	-
90	-21600	0	0	CST	2450079.7499884260	-
90	-21600	77	0	C%sT	2450807.7499884260	-
90	-21600	0	0	CST	2450908.8749884260	-
90	-25200	77	0	M%sT	2455189.7916550925	-
90	-25200	125	0	M%sT	2459881.8749884260	-
90	-21600	0	0	CST	2459909.7499884260	-
90	-25200	125	0	M%sT	-1.0000000000	-
91	-20173	0	0	LMT	2411362.7334722220	San José
91	-20173	0	0	SJMT	2422704.7334722220	San José Mean Time
91	-21600	23	0	C%sT	-1.0000000000	-
93	-13460	0	0	LMT	2420126.6557754627	-
93	-14400	18	0	%z	2452902.6666550925	-
93	-14400	0	0	%z	2453273.6666550925	-
93	-14400	18	0	%z	-1.0000000000	-
95	-4480	0	0	LMT	2421066.5518402779	-
95	-10800	0	0	%z	2444334.7083217595	-
95	-10800	38	0	%z	2450079.6249884260	-
95	0	0	0	GMT	-1.0000000000	-
96	-33460	0	0	LMT	2415249.8872569446	-
96	-32400	84	0	Y%sT	2438753.8749884260	-
96	-32400	133	0	Y%sT	2441982.8749884260	-
96	-28800	0	0	PST	2444234.8333217595	-
96	-28800	24	0	P%sT	2459153.8333217595	-
96	-25200	0	0	MST	-1.0000000000	-
97	-28856	0	0	LMT	2409171.8339699074	-
97	-28800	24	0	P%sT	2432180.8333217595	-
97	-28800	127	0	P%sT	2441555.9166550925	-
97	-25200	0	0	MST	-1.0000000000	-
98	-25196	0	0	LMT	2409132.2916550925	-
98	-25200	125	0	M%sT	2422317.7916550925	-
98	-25200	33	0	M%sT	2430353.7916550925	-
98	-25200	125	0	M%sT	2431816.7916550925	-
98	-25200	33	0	M%sT	2439488.7916550925	-
98	-25200	125	0	M%sT	-1.0000000000	-
99	-19931	0	0	LMT	2416843.7306712964	-
99	-21600	0	0	CST	2420632.8333217595	-
99	-18000	0	0	EST	2430353.7083217595	-
99	-18000	125	0	E%sT	2431816.7083217595	-
99	-18000	34	0	E%sT	2439651.7090162039	-
99	-18000	125	0	E%sT	2440216.7083217595	-
99	-18000	0	0	EST	2441679.7083217595	-
99	-18000	125	0	E%sT	2442407.7083217595	-
99	-18000	0	0	EST	2442528.7916550925	-
99	-18000	125	0	E%sT	-1.0000000000	-
101	-27232	0	0	LMT	2417447.8151736110	-
101	-25200	41	0	M%sT	2446789.7916550925	-
101	-25200	24	0	M%sT	-1.0000000000	-
102	-16768	0	0	LMT	2420126.6940624998	-
102	-18000	18	0	%z	2447414.7083217595	-
102	-18000	0	0	%z	2449255.7083217595	-
102	-18000	18	0	%z	2449612.7083217595	-
102	-18000	0	0	%z	2454638.7083217595	-
102	-14400	0	0	%z	2456605.6666550925	-
102	-18000	0	0	%z	-1.0000000000	-
103	-21408	0	0	LMT	2422688.7477662037	San Salvador
103	-21600	106	0	C%sT	-1.0000000000	-
104	-29447	0	0	LMT	2409171.8408101853	-
104	-28800	127	0	P%sT	2431816.8333217595	-
104	-28800	0	0	PST	2432180.8333217595	-
104	-28800	127	0	P%sT	2446789.8333217595	-
104	-28800	24	0	P%sT	2457088.9166550925	-
104	-25200	0	0	MST	-1.0000000000	-
105	-9240	0	0	LMT	2420126.6069328706	-
105	-10800	18	0	%z	2448149.6249884260	-
105	-10800	0	0	%z	2451446.6249884260	-
105	-10800	18	0	%z	2451838.6249884260	-
105	-10800	0	0	%z	2452160.6249884260	-
105	-10800	18	0	%z	2452545.6249884260	-
105	-10800	0	0	%z	-1.0000000000	-
106	-14388	0	0	LMT	2415914.6665162039	-
106	-14400	24	0	A%sT	2434371.6666550925	-
106	-14400	56	0	A%sT	2434735.6666550925	-
106	-14400	0	0	AST	2441315.6666550925	-
106	-14400	56	0	A%sT	2442043.6666550925	-
106	-14400	24	0	A%sT	-1.0000000000	-
107	-14500	0	0	LMT	2409171.6678125001	Happy Valley-Goose Bay
107	-12652	0	0	NST	2421589.6464236113	-
107	-12652	24	0	N%sT	2421953.6464236113	-
107	-12652	0	0	NST	2427891.6464236113	-
107	-12600	0	0	NST	2428162.6458217595	-
107	-12600	112	0	N%sT	2430488.6458217595	-
107	-12600	24	0	N%sT	2431816.6458217595	-
107	-12600	112	0	N%sT	2439196.7291550925	-
107	-14400	112	0	A%sT	2455863.6666550925	-
107	-14400	24	0	A%sT	-1.0000000000	-
108	-17072	0	0	LMT	2411362.6975810183	-
108	-18430	0	0	KMT	2419428.7132986113	Kingston Mean Time
108	-18000	0	0	EST	2443870.7083217595	-
108	-18000	125	0	E%sT	2457088.7916550925	-
108	-14400	0	0	AST	2458187.7916550925	-
108	-18000	125	0	E%sT	-1.0000000000	-
111	-21724	0	0	LMT	2421871.7514236113	-
111	-21600	53	0	C%sT	-1.0000000000	-
112	-19160	0	0	LMT	2411362.7217476852	-
112	-18840	0	0	QMT	2426335.7180439816	Quito Mean Time
112	-18000	40	0	%z	-1.0000000000	-
113	-13959	0	0	LMT	2419246.6615509260	Georgetown
113	-14400	0	0	%z	2420555.6666550925	-
113	-13500	0	0	%z	2442619.6562384260	-
113	-10800	0	0	%z	2448709.6666550925	-
113	-14400	0	0	%z	-1.0000000000	-
114	-15264	0	0	LMT	2415914.6766550927	-
114	-14400	56	0	A%sT	2421589.6666550925	-
114	-14400	24	0	A%sT	2421953.6666550925	-
114	-14400	56	0	A%sT	2430397.7499884260	-
114	-14400	24	0	A%sT	2431816.6666550925	-
114	-14400	56	0	A%sT	2442043.6666550925	-
114	-14400	24	0	A%sT	-1.0000000000	-
115	-19768	0	0	LMT	2411362.7287847223	-
115	-19776	0	0	HMT	2424350.2288773148	Havana MT
115	-18000	29	0	C%sT	-1.0000000000	-
116	-26632	0	0	LMT	2423054.7916550925	-
116	-25200	0	0	MST	2425035.7916550925	-
116	-21600	0	0	CST	2426295.7499884260	-
116	-25200	77	0	M%sT	2426792.7916550925	-
116	-21600	0	0	CST	2430467.7499884260	-
116	-25200	0	0	MST	2450079.7916550925	-
116	-25200	77	0	M%sT	2451171.7916550925	-
116	-25200	0	0	MST	-1.0000000000	-
117	-20678	0	0	LMT	2409132.2499884260	-
117	-21600	125	0	C%sT	2422317.7499884260	-
117	-21600	60	0	C%sT	2430353.7499884260	-
117	-21600	125	0	C%sT	2431816.7499884260	-
117	-21600	60	0	C%sT	2435220.8333217595	-
117	-18000	0	0	EST	2436109.7916550925	-
117	-21600	0	0	CST	2436319.8333217595	-
117	-18000	0	0	EST	2440216.7083217595	-
117	-18000	125	0	E%sT	2440944.7083217595	-
117	-18000	0	0	EST	2453733.7083217595	-
117	-18000	125	0	E%sT	-1.0000000000	-
118	-20790	0	0	LMT	2409132.2499884260	-
118	-21600	125	0	C%sT	2432180.7499884260	-
118	-21600	113	0	C%sT	2437782.8333217595	-
118	-18000	0	0	EST	2438328.7916550925	-
118	-21600	125	0	C%sT	2448555.8333217595	-
118	-18000	0	0	EST	2453826.7916550925	-
118	-21600	125	0	C%sT	-1.0000000000	-
119	-20723	0	0	LMT	2409132.2499884260	-
119	-21600	125	0	C%sT	2433643.7499884260	-
119	-21600	74	0	C%sT	2437418.8333217595	-
119	-18000	0	0	EST	2440216.7083217595	-
119	-18000	125	0	E%sT	2442052.7916550925	-
119	-21600	0	3600	CDT	2442346.8333217595	-
119	-18000	125	0	E%sT	2442771.7083217595	-
119	-18000	0	0	EST	2453733.7083217595	-
119	-18000	125	0	E%sT	-1.0000000000	-
120	-20947	0	0	LMT	2409132.2499884260	-
120	-21600	125	0	C%sT	2435106.7499884260	-
120	-21600	96	0	C%sT	2438874.8333217595	-
120	-18000	0	0	EST	2439427.7916550925	-
120	-21600	125	0	C%sT	2443445.8333217595	-
120	-18000	0	0	EST	2453826.7916550925	-
120	-21600	125	0	C%sT	2454407.8333217595	-
120	-18000	125	0	E%sT	-1.0000000000	-
121	-20823	0	0	LMT	2409132.2499884260	-
121	-21600	125	0	C%sT	2431816.7499884260	-
121	-21600	93	0	C%sT	2438510.8333217595	-
121	-18000	0	0	EST	2439791.7916550925	-
121	-21600	125	0	C%sT	2440337.8333217595	-
121	-18000	125	0	E%sT	2440944.7083217595	-
121	-18000	0	0	EST	2453826.7916550925	-
121	-21600	125	0	C%sT	-1.0000000000	-
122	-20416	0	0	LMT	2409132.2499884260	-
122	-21600	125	0	C%sT	2434856.8333217595	-
122	-18000	0	0	EST	2440216.7083217595	-
122	-18000	125	0	E%sT	2441679.7083217595	-
122	-18000	0	0	EST	2453733.7083217595	-
122	-18000	125	0	E%sT	-1.0000000000	-
123	-21007	0	0	LMT	2409132.2499884260	-
123	-21600	125	0	C%sT	2431816.7499884260	-
123	-21600	129	0	C%sT	2438510.8333217595	-
123	-18000	0	0	EST	2440216.7083217595	-
123	-18000	125	0	E%sT	2440944.7083217595	-
123	-18000	0	0	EST	2453826.7916550925	-
123	-21600	125	0	C%sT	2454407.8333217595	-
123	-18000	125	0	E%sT	-1.0000000000	-
124	-20785	0	0	LMT	2409132.2499884260	-
124	-21600	125	0	C%sT	2431816.7499884260	-
124	-21600	99	0	C%sT	2437418.8333217595	-
124	-18000	0	0	EST	2440216.7083217595	-
124	-18000	125	0	E%sT	2440944.7083217595	-
124	-18000	0	0	EST	2453826.7916550925	-
124	-21600	125	0	C%sT	2454169.8333217595	-
124	-18000	125	0	E%sT	-1.0000000000	-
125	0	0	0	-00	2434371.4999884260	Inuvik founded
125	-28800	84	0	P%sT	2443992.9166550925	-
125	-25200	84	0	M%sT	2444234.7916550925	-
125	-25200	24	0	M%sT	-1.0000000000	-
126	0	0	0	-00	2430565.4999884260	Frobisher Bay est.
126	-18000	84	0	E%sT	2451481.7916550925	-
126	-21600	24	0	C%sT	2451845.8333217595	-
126	-18000	24	0	E%sT	-1.0000000000	-
127	-18430	0	0	LMT	2411362.7132986113	Kingston
127	-18430	0	0	KMT	2419428.7132986113	Kingston Mean Time
127	-18000	0	0	EST	2442043.7083217595	-
127	-18000	125	0	E%sT	2445697.7083217595	-
127	-18000	0	0	EST	-1.0000000000	-
128	54139	0	0	LMT	2403258.5216666665	-
128	-32261	0	0	LMT	2415250.3733796296	-
128	-28800	0	0	PST	2430353.8333217595	-
128	-28800	125	0	P%sT	2431816.8333217595	-
128	-28800	0	0	PST	2440216.8333217595	-
128	-28800	125	0	P%sT	2444355.9166550925	-
128	-32400	125	0	Y%sT	2444537.9583217595	-
128	-28800	125	0	P%sT	2445636.9166550925	-
128	-32400	125	0	Y%sT	2445664.8749884260	-
128	-32400	125	0	AK%sT	-1.0000000000	-
129	-20582	0	0	LMT	2409132.2499884260	-
129	-21600	125	0	C%sT	2422688.7499884260	-
129	-21600	71	0	C%sT	2430353.7499884260	-
129	-21600	125	0	C%sT	2431816.7499884260	-
129	-21600	71	0	C%sT	2437502.8333217595	-
129	-18000	0	0	EST	2439852.7083217595	-
129	-18000	125	0	E%sT	2442052.7916550925	-
129	-21600	0	3600	CDT	2442346.8333217595	-
129	-18000	125	0	E%sT	-1.0000000000	-
130	-20364	0	0	LMT	2409132.2499884260	-
130	-21600	125	0	C%sT	2431816.7499884260	-
130	-21600	0	0	CST	2439852.7499884260	-
130	-21600	125	0	C%sT	2451845.8333217595	-
130	-18000	125	0	E%sT	-1.0000000000	-
132	-16356	0	0	LMT	2411362.6892939815	-
132	-16356	0	0	CMT	2426624.6892939815	Calamarca MT
132	-16356	0	3600	BST	2426785.6892939815	Bolivia ST
132	-14400	0	0	%z	-1.0000000000	-
133	-18492	0	0	LMT	2411362.7140162038	-
133	-18516	0	0	LMT	2418147.7142939814	Lima Mean Time?
133	-18000	94	0	%z	-1.0000000000	-
134	-28378	0	0	LMT	2409132.3333217595	-
134	-28800	125	0	P%sT	2431816.8333217595	-
134	-28800	21	0	P%sT	2439488.8333217595	-
134	-28800	125	0	P%sT	-1.0000000000	-
136	-8572	0	0	LMT	2420126.5992013887	-
136	-10800	18	0	%z	2448149.6249884260	-
136	-10800	0	0	%z	2449997.6249884260	-
136	-10800	18	0	%z	2450326.6249884260	-
136	-10800	0	0	%z	2451446.6249884260	-
136	-10800	18	0	%z	2451838.6249884260	-
136	-10800	0	0	%z	2452160.6249884260	-
136	-10800	18	0	%z	2452545.6249884260	-
136	-10800	0	0	%z	-1.0000000000	-
137	-20708	0	0	LMT	2411362.7396643520	-
137	-20712	0	0	MMT	2427611.7397106481	Managua Mean Time?
137	-21600	0	0	CST	2441800.7499884260	-
137	-18000	0	0	EST	2442458.7083217595	-
137	-21600	88	0	C%sT	2448618.9166550925	-
137	-18000	0	0	EST	2448884.7083217595	-
137	-21600	0	0	CST	2448980.7499884260	-
137	-18000	0	0	EST	2450443.7083217595	-
137	-21600	88	0	C%sT	-1.0000000000	-
138	-14404	0	0	LMT	2420126.6667013890	-
138	-14400	18	0	%z	2447414.6666550925	-
138	-14400	0	0	%z	2449255.6666550925	-
138	-14400	18	0	%z	2449612.6666550925	-
138	-14400	0	0	%z	-1.0000000000	-
140	-14660	0	0	LMT	2411362.6696643517	Fort-de-France
140	-14660	0	0	FFMT	2419155.6696643517	Fort-de-France MT
140	-14400	0	0	AST	2444334.6666550925	-
140	-14400	0	3600	ADT	2444509.6666550925	-
140	-14400	0	0	AST	-1.0000000000	-
141	-23400	0	0	LMT	2423054.7499884260	-
141	-21600	0	0	CST	2447153.7499884260	-
141	-21600	125	0	C%sT	2447524.7499884260	-
141	-21600	77	0	C%sT	2455189.7499884260	-
141	-21600	125	0	C%sT	-1.0000000000	-
142	-25540	0	0	LMT	2423054.7916550925	-
142	-25200	0	0	MST	2425035.7916550925	-
142	-21600	0	0	CST	2426295.7499884260	-
142	-25200	77	0	M%sT	2426792.7916550925	-
142	-21600	0	0	CST	2430467.7499884260	-
142	-25200	0	0	MST	2440580.7916550925	-
142	-25200	77	0	M%sT	-1.0000000000	-
143	-21027	0	0	LMT	2409797.2433564817	-
143	-21600	125	0	C%sT	2431816.7499884260	-
143	-21600	76	0	C%sT	2440337.8333217595	-
143	-18000	0	0	EST	2441800.7916550925	-
143	-21600	125	0	C%sT	-1.0000000000	-
144	-21508	0	0	LMT	2423054.7499884260	-
144	-21600	0	0	CST	2444964.8333217595	-
144	-18000	0	0	EST	2445272.7916550925	-
144	-21600	77	0	C%sT	-1.0000000000	-
145	54822	0	0	LMT	2403258.5216666665	-
145	-31578	0	0	LMT	2415250.3654745370	-
145	-28800	0	0	PST	2430353.8333217595	-
145	-28800	125	0	P%sT	2431816.8333217595	-
145	-28800	0	0	PST	2440216.8333217595	-
145	-28800	125	0	P%sT	2445636.9166550925	-
145	-28800	0	0	PST	2457326.9166550925	-
145	-32400	125	0	AK%sT	2458425.9583217595	-
145	-28800	0	0	PST	2458502.9166550925	-
145	-32400	125	0	AK%sT	-1.0000000000	-
146	-23796	0	0	LMT	2423054.7916550925	-
146	-25200	0	0	MST	2425035.7916550925	-
146	-21600	0	0	CST	2426295.7499884260	-
146	-25200	77	0	M%sT	2426792.7916550925	-
146	-21600	77	0	C%sT	2452181.8333217595	-
146	-21600	0	0	CST	2452321.7499884260	-
146	-21600	77	0	C%sT	-1.0000000000	-
147	-13480	0	0	LMT	2419197.6560069444	St Pierre
147	-14400	0	0	AST	2444355.6666550925	-
147	-10800	0	0	%z	2446789.6249884260	-
147	-10800	24	0	%z	-1.0000000000	-
148	-15548	0	0	LMT	2409152.6799421296	-
148	-18000	0	0	EST	2415914.7083217595	-
148	-14400	24	0	A%sT	2427070.6666550925	-
148	-14400	79	0	A%sT	2430353.6666550925	-
148	-14400	24	0	A%sT	2431816.6666550925	-
148	-14400	79	0	A%sT	2441679.6666550925	-
148	-14400	24	0	A%sT	2448980.6666550925	-
148	-14400	79	0	A%sT	2454097.6666550925	-
148	-14400	24	0	A%sT	-1.0000000000	-
149	-24076	0	0	LMT	2423054.7499884260	-
149	-25200	0	0	MST	2425035.7916550925	-
149	-21600	0	0	CST	2426295.7499884260	-
149	-25200	77	0	M%sT	2426792.7916550925	-
149	-21600	0	0	CST	2447153.7499884260	-
149	-21600	125	0	C%sT	2447524.7499884260	-
149	-21600	77	0	C%sT	-1.0000000000	-
150	-13491	0	0	LMT	2418098.6561342594	-
150	-13491	0	0	MMT	2422445.6561342594	Montevideo MT
150	-14400	0	0	%z	2423691.6666550925	-
150	-12600	126	0	%z	2430705.6458217595	-
150	-10800	126	0	%z	2436926.6249884260	-
150	-10800	126	0	%z	2439852.6249884260	-
150	-10800	126	0	%z	2440580.6249884260	-
150	-10800	126	0	%z	2442043.6249884260	-
150	-10800	126	0	%z	2442115.6249884260	-
150	-10800	126	0	%z	2442402.6249884260	-
150	-10800	126	0	%z	-1.0000000000	-
153	-17762	0	0	LMT	2409132.2083217595	-
153	-18000	125	0	E%sT	2422317.7083217595	-
153	-18000	85	0	E%sT	2430353.7083217595	-
153	-18000	125	0	E%sT	2431816.7083217595	-
153	-18000	85	0	E%sT	2439488.7083217595	-
153	-18000	125	0	E%sT	-1.0000000000	-
154	46702	0	0	LMT	2403258.5216666665	-
154	-39698	0	0	LMT	2415250.4594560186	-
154	-39600	0	0	NST	2430353.9583217595	-
154	-39600	125	0	N%sT	2431816.9583217595	-
154	-39600	0	0	NST	2439574.9583217595	-
154	-39600	0	0	BST	2440216.9583217595	-
154	-39600	125	0	B%sT	2445637.0416550925	-
154	-32400	125	0	Y%sT	2445664.8749884260	-
154	-32400	125	0	AK%sT	-1.0000000000	-
155	-7780	0	0	LMT	2420126.5900347224	-
155	-7200	18	0	%z	2448149.5833217595	-
155	-7200	0	0	%z	2451446.5833217595	-
155	-7200	18	0	%z	2451831.5833217595	-
155	-7200	0	0	%z	2452160.5833217595	-
155	-7200	18	0	%z	2452545.5833217595	-
155	-7200	0	0	%z	-1.0000000000	-
156	-24427	0	0	LMT	2409132.2916550925	-
156	-25200	125	0	M%sT	2455506.8749884260	-
156	-21600	125	0	C%sT	-1.0000000000	-
157	-24312	0	0	LMT	2409132.2916550925	-
157	-25200	125	0	M%sT	2448919.8749884260	-
157	-21600	125	0	C%sT	-1.0000000000	-
158	-24339	0	0	LMT	2409132.2916550925	-
158	-25200	125	0	M%sT	2452937.8749884260	-
158	-21600	125	0	C%sT	-1.0000000000	-
159	-12416	0	0	LMT	2421066.6436921298	Godthåb
159	-10800	0	0	%z	2444334.7083217595	-
159	-10800	38	0	%z	2460028.5416550925	-
159	-7200	0	0	%z	2460245.5416550925	-
159	-7200	38	0	%z	-1.0000000000	-
160	-25060	0	0	LMT	2423054.7916550925	-
160	-25200	0	0	MST	2425035.7916550925	-
160	-21600	0	0	CST	2426295.7499884260	-
160	-25200	77	0	M%sT	2426792.7916550925	-
160	-21600	0	0	CST	2450079.7499884260	-
160	-21600	77	0	C%sT	2450807.7499884260	-
160	-21600	0	0	CST	2450908.8749884260	-
160	-25200	77	0	M%sT	2455189.7916550925	-
160	-25200	125	0	M%sT	2459881.8749884260	-
160	-21600	0	0	CST	2459909.7499884260	-
160	-21600	125	0	C%sT	-1.0000000000	-
161	-19088	0	0	LMT	2411362.7209143518	-
161	-19176	0	0	CMT	2418049.7219328703	Colón Mean Time
161	-18000	0	0	EST	-1.0000000000	-
162	-13240	0	0	LMT	2419034.6532291668	-
162	-13252	0	0	PMT	2427798.6533680554	Paramaribo Mean Time
162	-13236	0	0	PMT	2431727.6531828702	The capital moved?
162	-12600	0	0	%z	2445972.6458217595	-
162	-10800	0	0	%z	-1.0000000000	-
163	-26898	0	0	LMT	2409132.2916550925	-
163	-25200	125	0	M%sT	2431090.7923495369	-
163	-25200	0	0	MST	2431181.7923495369	-
163	-25200	125	0	M%sT	2431363.7923495369	-
163	-25200	0	0	MST	2439488.7916550925	-
163	-25200	125	0	M%sT	2439931.7916550925	-
163	-25200	0	0	MST	-1.0000000000	-
164	-17360	0	0	LMT	2411362.7009143517	-
164	-17340	0	0	PPMT	2421249.2006828706	P-a-P MT
164	-18000	55	0	E%sT	-1.0000000000	-
166	-15336	0	0	LMT	2420126.6774884257	-
166	-14400	18	0	%z	2447414.6666550925	-
166	-14400	0	0	%z	-1.0000000000	-
167	-15865	0	0	LMT	2414739.1836111112	San Juan
167	-14400	0	0	AST	2430481.6666550925	-
167	-14400	125	0	A%sT	2431816.6666550925	-
167	-14400	0	0	AST	-1.0000000000	-
168	-17020	0	0	LMT	2411362.6969791665	-
168	-16965	0	0	SMT	2418679.6963425926	-
168	-18000	0	0	%z	2421045.7083217595	-
168	-16965	0	0	SMT	2421843.6963425926	-
168	-14400	0	0	%z	2422137.6666550925	-
168	-16965	0	0	SMT	2425119.6963425926	-
168	-18000	27	0	%z	2426946.7083217595	-
168	-14400	0	0	%z	2430509.6666550925	-
168	-18000	0	0	%z	2430572.7083217595	-
168	-14400	0	0	%z	2432057.6666550925	-
168	-18000	0	3600	%z	2432274.7083217595	-
168	-18000	0	0	%z	2432323.6666550925	-
168	-14400	27	0	%z	2457725.6666550925	-
168	-10800	0	0	%z	-1.0000000000	-
169	0	0	0	-00	2435834.4999884260	Rankin Inlet founded
169	-21600	84	0	C%sT	2451845.8333217595	-
169	-18000	0	0	EST	2451999.8333217595	-
169	-21600	24	0	C%sT	-1.0000000000	-
170	-8376	0	0	LMT	2420126.5969328703	-
170	-10800	18	0	%z	2448149.6249884260	-
170	-10800	0	0	%z	2451446.6249884260	-
170	-10800	18	0	%z	2451831.6249884260	-
170	-10800	0	0	%z	2452160.6249884260	-
170	-10800	18	0	%z	2452545.6249884260	-
170	-10800	0	0	%z	-1.0000000000	-
171	-25116	0	0	LMT	2417083.7906828704	-
171	-25200	101	0	M%sT	2437048.8749884260	-
171	-21600	0	0	CST	-1.0000000000	-
172	0	0	0	-00	2432427.4999884260	Resolute founded
172	-21600	84	0	C%sT	2451845.8333217595	-
172	-18000	0	0	EST	2451999.8333217595	-
172	-21600	24	0	C%sT	2454036.8333217595	-
172	-18000	0	0	EST	2454169.8333217595	-
172	-21600	24	0	C%sT	-1.0000000000	-
173	-16272	0	0	LMT	2420126.6883217595	-
173	-18000	18	0	%z	2447414.7083217595	-
173	-18000	0	0	%z	2454638.7083217595	-
173	-14400	0	0	%z	2456605.6666550925	-
173	-18000	0	0	%z	-1.0000000000	-
174	-13128	0	0	LMT	2420126.6519328705	-
174	-14400	18	0	%z	2447414.6666550925	-
174	-14400	0	0	%z	2454638.6666550925	-
174	-10800	0	0	%z	-1.0000000000	-
175	-16965	0	0	LMT	2411362.6963425926	-
175	-16965	0	0	SMT	2418679.6963425926	Santiago Mean Time
175	-18000	0	0	%z	2421045.7083217595	-
175	-16965	0	0	SMT	2421843.6963425926	-
175	-14400	0	0	%z	2422137.6666550925	-
175	-16965	0	0	SMT	2425119.6963425926	-
175	-18000	27	0	%z	2426946.7083217595	-
175	-14400	0	0	%z	2430509.6666550925	-
175	-18000	0	0	%z	2430572.7083217595	-
175	-14400	0	0	%z	2432015.6666550925	-
175	-14400	0	3600	%z	2432057.6666550925	central CL
175	-18000	0	3600	%z	2432274.7083217595	-
175	-18000	0	0	%z	2432323.6666550925	-
175	-14400	27	0	%z	-1.0000000000	-
176	-16776	0	0	LMT	2411362.6941550928	-
176	-16800	0	0	SDMT	2427164.1944328705	S. Dom. MT
176	-18000	32	0	%s	2442346.7083217595	-
176	-14400	0	0	AST	2451845.7499884260	-
176	-18000	125	0	E%sT	2451880.7499884260	-
176	-14400	0	0	AST	-1.0000000000	-
177	-11188	0	0	LMT	2420126.6294791666	-
177	-10800	18	0	%z	2438321.6249884260	-
177	-10800	0	3600	%z	2438389.6249884260	-
177	-10800	18	0	%z	-1.0000000000	-
178	-5272	0	0	LMT	2421066.5610069446	Ittoqqortoormiit
178	-7200	0	0	%z	2444334.6666550925	-
178	-7200	20	0	%z	2444691.5833217595	-
178	-3600	38	0	%z	2460399.5416550925	-
178	-7200	38	0	%z	-1.0000000000	-
179	53927	0	0	LMT	2403258.5216666665	-
179	-32473	0	0	LMT	2415250.3758333335	-
179	-28800	0	0	PST	2430353.8333217595	-
179	-28800	125	0	P%sT	2431816.8333217595	-
179	-28800	0	0	PST	2440216.8333217595	-
179	-28800	125	0	P%sT	2445636.9166550925	-
179	-32400	125	0	Y%sT	2445664.8749884260	-
179	-32400	125	0	AK%sT	-1.0000000000	-
181	-12652	0	0	LMT	2409171.6464236113	-
181	-12652	112	0	N%sT	2421589.6464236113	-
181	-12652	24	0	N%sT	2421953.6464236113	-
181	-12652	112	0	N%sT	2427891.6464236113	-
181	-12600	112	0	N%sT	2430488.6458217595	-
181	-12600	24	0	N%sT	2431816.6458217595	-
181	-12600	112	0	N%sT	2455863.6458217595	-
181	-12600	24	0	N%sT	-1.0000000000	-
186	-25880	0	0	LMT	2417083.7995254630	-
186	-25200	24	0	M%sT	2431938.8749884260	-
186	-25200	101	0	M%sT	2433279.7916550925	-
186	-25200	115	0	M%sT	2441437.8749884260	-
186	-21600	0	0	CST	-1.0000000000	-
187	-20932	0	0	LMT	2422774.7422569445	-
187	-21600	58	0	C%sT	-1.0000000000	-
188	-16508	0	0	LMT	2421066.6910532406	Pituffik
188	-14400	119	0	A%sT	-1.0000000000	-
189	-28084	0	0	LMT	2423054.7916550925	-
189	-25200	0	0	MST	2423780.7916550925	-
189	-28800	0	0	PST	2425035.8333217595	-
189	-25200	0	0	MST	2426295.7916550925	-
189	-28800	0	0	PST	2426428.8333217595	-
189	-28800	0	3600	PDT	2426610.8333217595	-
189	-28800	0	0	PST	2430467.8333217595	-
189	-28800	0	3600	PWT	2431679.4583217595	-
189	-28800	0	3600	PPT	2431769.8333217595	Peace
189	-28800	0	0	PST	2432644.8333217595	-
189	-28800	0	3600	PDT	2432924.8333217595	-
189	-28800	0	0	PST	2433400.8333217595	-
189	-28800	0	3600	PDT	2433547.8333217595	-
189	-28800	0	0	PST	2433764.9166550925	-
189	-28800	0	3600	PDT	2433918.9166550925	-
189	-28800	0	0	PST	2434128.9166550925	-
189	-28800	0	3600	PDT	2434282.9166550925	-
189	-28800	0	0	PST	2434735.8333217595	-
189	-28800	21	0	P%sT	2437297.8333217595	-
189	-28800	0	0	PST	2442771.8333217595	-
189	-28800	125	0	P%sT	2450079.8333217595	-
189	-28800	77	0	P%sT	2451906.8333217595	-
189	-28800	125	0	P%sT	2452321.8333217595	-
189	-28800	77	0	P%sT	2455189.8333217595	-
189	-28800	125	0	P%sT	-1.0000000000	-
190	-19052	0	0	LMT	2413189.7204976850	-
190	-18000	24	0	E%sT	2421953.7083217595	-
190	-18000	121	0	E%sT	2430397.7916550925	-
190	-18000	24	0	E%sT	2431816.7083217595	-
190	-18000	121	0	E%sT	2442043.7083217595	-
190	-18000	24	0	E%sT	-1.0000000000	-
192	-29548	0	0	LMT	2409171.8419791665	-
192	-28800	127	0	P%sT	2446789.8333217595	-
192	-28800	24	0	P%sT	-1.0000000000	-
193	-32412	0	0	LMT	2415249.8751273146	-
193	-32400	84	0	Y%sT	2438753.8749884260	-
193	-32400	133	0	Y%sT	2439182.8749884260	-
193	-28800	0	0	PST	2444234.8333217595	-
193	-28800	24	0	P%sT	2459153.8333217595	-
193	-25200	0	0	MST	-1.0000000000	-
194	-23316	0	0	LMT	2410468.7698495369	-
194	-21600	132	0	C%sT	2453733.7499884260	-
194	-21600	24	0	C%sT	-1.0000000000	-
195	52865	0	0	LMT	2403258.5216666665	-
195	-33535	0	0	LMT	2415250.3881250001	-
195	-32400	0	0	YST	2430353.8749884260	-
195	-32400	125	0	Y%sT	2431816.8749884260	-
195	-32400	0	0	YST	2440216.8749884260	-
195	-32400	125	0	Y%sT	2445664.8749884260	-
195	-32400	125	0	AK%sT	-1.0000000000	-
196	0	0	0	-00	2440216.4999884260	-
196	28800	0	0	%z	2455121.2499884260	-
196	39600	0	0	%z	2455254.1249884260	-
196	28800	0	0	%z	2455856.2499884260	-
196	39600	0	0	%z	2455976.2083217595	-
196	28800	0	0	%z	2457683.1666550925	-
196	39600	0	0	%z	2458187.2083217595	-
196	28800	0	0	%z	2458397.3333217595	-
196	39600	0	0	%z	2458558.1666550925	-
196	28800	0	0	%z	2458754.2916550925	-
196	39600	0	0	%z	2458915.1666550925	-
196	28800	0	0	%z	2459125.1673495369	-
196	39600	0	0	%z	2459286.0416550925	-
196	28800	0	0	%z	2459489.1673495369	-
196	39600	0	0	%z	2459650.0416550925	-
196	28800	0	0	%z	2459853.1673495369	-
196	39600	0	0	%z	2460007.1666550925	-
196	28800	0	0	%z	-1.0000000000	-
197	0	0	0	-00	2435850.4999884260	-
197	25200	0	0	%z	2438692.2083217595	-
197	0	0	0	-00	2440246.4999884260	-
197	25200	0	0	%z	2455121.2916550925	-
197	18000	0	0	%z	2455262.3333217595	-
197	25200	0	0	%z	2455856.2916550925	-
197	18000	0	0	%z	2455976.3333217595	-
197	25200	0	0	%z	-1.0000000000	-
199	0	0	0	-00	2414955.4999884260	-
199	36000	0	0	AEST	2421136.1666550925	-
199	36000	0	3600	AEDT	2421255.0833217595	-
199	36000	11	0	AE%sT	2422046.0833217595	-
199	0	0	0	-00	2432630.4999884260	-
199	36000	11	0	AE%sT	2439488.0833217595	-
199	36000	4	0	AE%sT	2455189.0833217595	-
199	36000	0	3600	AEDT	2455560.0833217595	-
199	36000	4	0	AE%sT	-1.0000000000	-
200	0	0	0	-00	2434786.4999884260	-
200	21600	0	0	%z	2455121.3333217595	-
200	18000	0	0	%z	-1.0000000000	-
202	0	0	0	-00	2438753.4999884260	-
202	-14400	9	0	%z	2440498.6666550925	-
202	-10800	9	0	%z	2445083.6249884260	-
202	-14400	27	0	%z	2457725.6666550925	-
202	-10800	0	0	%z	-1.0000000000	-
203	0	0	0	-00	2443109.4999884260	-
203	-10800	0	0	%z	-1.0000000000	-
205	0	0	0	-00	2453413.4999884260	-
205	0	122	0	%s	-1.0000000000	-
206	0	0	0	-00	2436186.4999884260	-
206	25200	0	0	%z	2449381.2083217595	-
206	0	0	0	-00	2449654.4999884260	-
206	25200	0	0	%z	2460294.2916550925	-
206	18000	0	0	%z	-1.0000000000	-
209	18468	0	0	LMT	2423901.2862384259	or Alma-Ata
209	18000	0	0	%z	2426148.2916550925	-
209	21600	104	0	%z	2448345.3333217595	-
209	18000	104	0	%z	2448639.3749884260	-
209	21600	104	0	%z	2453308.3333217595	-
209	21600	0	0	%z	2460364.2499884260	-
209	18000	0	0	%z	-1.0000000000	-
210	8624	0	0	LMT	2426335.4001736110	-
210	7200	65	0	EE%sT	2459874.4166550925	-
210	10800	0	0	%z	-1.0000000000	-
211	42596	0	0	LMT	2423901.0069791665	-
211	43200	0	0	%z	2426147.9999884260	-
211	46800	103	0	%z	2445054.9583217595	-
211	43200	103	0	%z	2448345.0833217595	-
211	39600	103	0	%z	2448639.1249884260	-
211	43200	103	0	%z	2455282.0833217595	-
211	39600	103	0	%z	2455646.1249884260	-
211	43200	0	0	%z	-1.0000000000	-
212	12064	0	0	LMT	2423901.3603587961	-
212	14400	0	0	%z	2426148.3333217595	-
212	18000	0	0	%z	2444873.2916550925	-
212	21600	0	0	%z	2445055.2499884260	-
212	18000	104	0	%z	2448345.3749884260	-
212	14400	104	0	%z	2448639.4166550925	-
212	18000	104	0	%z	2449619.3749884260	-
212	14400	104	0	%z	2453308.4166550925	-
212	18000	0	0	%z	-1.0000000000	-
213	13720	0	0	LMT	2423901.3411921295	-
213	14400	0	0	%z	2426148.3333217595	-
213	18000	0	0	%z	2444691.2916550925	-
213	18000	0	3600	%z	2444873.2916550925	-
213	21600	0	0	%z	2445055.2499884260	-
213	18000	104	0	%z	2448345.3749884260	-
213	14400	104	0	%z	2448639.4166550925	-
213	18000	104	0	%z	2453308.3749884260	-
213	18000	0	0	%z	-1.0000000000	-
214	14012	0	0	LMT	2423901.3378125001	or Ashkhabad
214	14400	0	0	%z	2426148.3333217595	-
214	18000	104	0	%z	2448345.3749884260	-
214	14400	104	0	%z	2448639.4166550925	-
214	18000	0	0	%z	-1.0000000000	-
215	12464	0	0	LMT	2423901.3557291669	-
215	10800	0	0	%z	2426148.3749884260	-
215	18000	0	0	%z	2444873.2916550925	-
215	21600	0	0	%z	2445055.2499884260	-
215	18000	104	0	%z	2448345.3749884260	-
215	14400	104	0	%z	2448639.4166550925	-
215	18000	104	0	%z	2451264.3749884260	-
215	14400	104	0	%z	2453308.4166550925	-
215	18000	0	0	%z	-1.0000000000	-
216	10660	0	0	LMT	2411362.3766087964	-
216	10656	0	0	BMT	2421589.3766550925	Baghdad Mean Time?
216	10800	0	0	%z	2445083.3749884260	-
216	10800	62	0	%z	-1.0000000000	-
218	11964	0	0	LMT	2423901.3615162037	-
218	10800	0	0	%z	2435892.3749884260	-
218	14400	104	0	%z	2448345.4166550925	-
218	10800	104	0	%z	2448892.4583217595	-
218	14400	0	0	%z	2450079.3333217595	-
218	14400	39	0	%z	2450443.3333217595	-
218	14400	13	0	%z	-1.0000000000	-
219	24124	0	0	LMT	2407708.2207754632	-
219	24124	0	0	BMT	2422410.2207754632	Bangkok Mean Time
219	25200	0	0	%z	-1.0000000000	-
220	20100	0	0	LMT	2422298.2673495370	-
220	21600	0	0	%z	2426148.2499884260	-
220	25200	103	0	%z	2448345.2916550925	-
220	21600	103	0	%z	2448639.3333217595	-
220	25200	103	0	%z	2449864.2083217595	-
220	21600	103	0	%z	2455646.3333217595	-
220	25200	0	0	%z	2456955.2916550925	-
220	21600	0	0	%z	2457473.3333217595	-
220	25200	0	0	%z	-1.0000000000	-
221	8520	0	0	LMT	2407708.4013773147	-
221	7200	69	0	EE%sT	-1.0000000000	-
222	17904	0	0	LMT	2423901.2927662036	-
222	18000	0	0	%z	2426148.2916550925	-
222	21600	104	0	%z	2448345.3333217595	-
222	18000	104	0	%z	2448499.3749884260	-
222	18000	66	0	%z	2453588.2916550925	-
222	21600	0	0	%z	-1.0000000000	-
224	27232	0	0	LMT	2422305.1848032409	-
224	28800	0	0	%z	2426148.1666550925	-
224	32400	103	0	%z	2448345.2083217595	-
224	28800	103	0	%z	2448639.2499884260	-
224	32400	103	0	%z	2455646.2083217595	-
224	36000	0	0	%z	2456955.1666550925	-
224	28800	0	0	%z	2457473.2499884260	-
224	32400	0	0	%z	-1.0000000000	-
225	19164	0	0	LMT	2407708.2781828702	-
225	19172	0	0	MMT	2417207.2780902777	Moratuwa Mean Time
225	19800	0	0	%z	2430362.2708217595	-
225	19800	0	1800	%z	2430600.2708217595	-
225	19800	0	3600	%z	2431741.3541550925	-
225	19800	0	0	%z	2450228.2708217595	-
225	23400	0	0	%z	2450382.2499884260	-
225	21600	0	0	%z	2453840.2708217595	-
225	19800	0	0	%z	-1.0000000000	-
226	8712	0	0	LMT	2422317.3991550924	Dimashq
226	7200	117	0	EE%sT	2459874.4166550925	-
226	10800	0	0	%z	-1.0000000000	-
227	21700	0	0	LMT	2411362.2488310183	-
227	21200	0	0	HMT	2430264.2546180557	Howrah Mean Time?
227	23400	0	0	%z	2430488.2291550925	-
227	19800	0	0	%z	2430600.2708217595	-
227	23400	0	0	%z	2433918.2291550925	-
227	21600	0	0	%z	2454825.2499884260	-
227	21600	35	0	%z	-1.0000000000	-
228	30140	0	0	LMT	2419401.1666550925	-
228	28800	0	0	%z	2430412.1249884260	-
228	32400	0	0	%z	2442899.1249884260	-
228	28800	0	0	%z	2451803.1666550925	-
228	32400	0	0	%z	-1.0000000000	-
229	13272	0	0	LMT	2422317.3463773150	-
229	14400	0	0	%z	-1.0000000000	-
230	16512	0	0	LMT	2423901.3088773149	-
230	18000	0	0	%z	2426148.2916550925	-
230	21600	104	0	%z	2448345.3333217595	-
230	18000	0	3600	%z	2448506.3749884260	-
230	18000	0	0	%z	-1.0000000000	-
231	8148	0	0	LMT	2423005.4056828702	-
231	7200	30	0	EE%sT	2451054.4166550925	-
231	7200	39	0	EE%sT	2457634.4166550925	-
231	10800	0	0	%z	2458054.5416550925	-
231	7200	39	0	EE%sT	-1.0000000000	-
232	8272	0	0	LMT	2415291.4042476853	-
232	7200	134	0	EET/EEST	2432686.4166550925	-
232	7200	43	0	EE%sT	2439644.4166550925	-
232	7200	134	0	I%sT	2450079.4166550925	-
232	7200	65	0	EE%sT	2451171.4166550925	-
232	7200	91	0	EE%sT	2454701.4166550925	-
232	7200	0	0	EET	2454708.4166550925	-
232	7200	91	0	EE%sT	2455189.4166550925	-
232	7200	0	0	EET	2455282.4173495369	-
232	7200	91	0	EE%sT	2455772.4166550925	-
232	7200	0	0	EET	2455924.4166550925	-
232	7200	91	0	EE%sT	-1.0000000000	-
233	8423	0	0	LMT	2415291.4024999999	-
233	7200	134	0	EET/EEST	2432686.4166550925	-
233	7200	43	0	EE%sT	2439644.4166550925	-
233	7200	134	0	I%sT	2450079.4166550925	-
233	7200	65	0	EE%sT	2451171.4166550925	-
233	7200	91	0	EE%sT	-1.0000000000	-
234	25590	0	0	LMT	2417391.2038078704	-
234	25590	0	0	PLMT	2419155.2038078704	Phù Liễn MT
234	25200	0	0	%z	2430720.1666550925	-
234	28800	0	0	%z	2431525.1249884260	-
234	32400	0	0	%z	2431700.1249884260	-
234	25200	0	0	%z	2432273.2083217595	-
234	28800	0	0	%z	2435283.2083217595	-
234	25200	0	0	%z	2436929.1666550925	-
234	28800	0	0	%z	2442570.1666550925	-
234	25200	0	0	%z	-1.0000000000	-
235	27402	0	0	LMT	2416783.2083217595	-
235	28800	0	0	HKT	2430159.2916550925	-
235	28800	0	3600	HKST	2430264.3333217595	-
235	28800	0	1800	HKWT	2430348.1666550925	-
235	32400	0	0	JST	2431776.2083217595	-
235	28800	54	0	HK%sT	-1.0000000000	-
236	21996	0	0	LMT	2417055.2454050924	-
236	21600	0	0	%z	2443506.2499884260	-
236	25200	80	0	%z	-1.0000000000	-
237	25025	0	0	LMT	2407708.2103472222	-
237	25025	0	0	IMT	2422347.2103472222	Irkutsk Mean Time
237	25200	0	0	%z	2426148.2083217595	-
237	28800	103	0	%z	2448345.2499884260	-
237	25200	103	0	%z	2448639.2916550925	-
237	28800	103	0	%z	2455646.2499884260	-
237	32400	0	0	%z	2456955.2083217595	-
237	28800	0	0	%z	-1.0000000000	-
238	25632	0	0	LMT	2403188.2033217591	-
238	25632	0	0	BMT	2423783.1944328705	Batavia
238	26400	0	0	%z	2427009.1944328705	-
238	27000	0	0	%z	2430439.1874884260	-
238	32400	0	0	%z	2431720.1249884260	-
238	27000	0	0	%z	2432665.1874884260	-
238	28800	0	0	%z	2433400.1666550925	-
238	27000	0	0	%z	2438389.1874884260	-
238	25200	0	0	WIB	-1.0000000000	-
239	33768	0	0	LMT	2427009.1091550924	-
239	32400	0	0	%z	2431328.1249884260	-
239	34200	0	0	%z	2438389.1041550925	-
239	32400	0	0	WIT	-1.0000000000	-
240	8454	0	0	LMT	2407708.4021412036	-
240	8440	0	0	JMT	2421589.4023032407	Jerusalem Mean Time?
240	7200	134	0	I%sT	-1.0000000000	-
241	16608	0	0	LMT	2411362.3077662038	-
241	14400	0	0	%z	2431452.3333217595	-
241	16200	0	0	%z	-1.0000000000	-
242	38076	0	0	LMT	2423362.0592939816	-
242	39600	0	0	%z	2426148.0416550925	-
242	43200	103	0	%z	2448345.0833217595	-
242	39600	103	0	%z	2448639.1249884260	-
242	43200	103	0	%z	2455282.0833217595	-
242	39600	103	0	%z	2455646.1249884260	-
242	43200	0	0	%z	-1.0000000000	-
243	16092	0	0	LMT	2417571.3137384257	-
243	19800	0	0	%z	2430600.2708217595	-
243	19800	0	3600	%z	2431741.2708217595	-
243	19800	0	0	%z	2433918.2708217595	-
243	18000	0	0	%z	2441030.2916550925	-
243	18000	90	0	PK%sT	-1.0000000000	-
244	20476	0	0	LMT	2422317.2629976850	-
244	19800	0	0	%z	2446425.2708217595	-
244	20700	0	0	%z	-1.0000000000	-
245	32533	0	0	LMT	2422305.1234490741	-
245	28800	0	0	%z	2426148.1666550925	-
245	32400	103	0	%z	2448345.2083217595	-
245	28800	103	0	%z	2448639.2499884260	-
245	32400	103	0	%z	2452998.1249884260	-
245	36000	103	0	%z	2455646.1666550925	-
245	39600	0	0	%z	2455814.0416550925	Decree 725?
245	36000	0	0	%z	2456955.1666550925	-
245	32400	0	0	%z	-1.0000000000	-
246	21208	0	0	LMT	2398393.2545254631	Kolkata
246	21200	0	0	HMT	2404061.2546180557	Howrah Mean Time?
246	19270	0	0	MMT	2417209.2769560185	Madras local time
246	19800	0	0	IST	2430264.2708217595	-
246	19800	0	3600	%z	2430488.2708217595	-
246	19800	0	0	IST	2430600.2708217595	-
246	19800	0	3600	%z	2431741.2708217595	-
246	19800	0	0	IST	-1.0000000000	-
247	22286	0	0	LMT	2422326.2420486109	-
247	21600	0	0	%z	2426148.2499884260	-
247	25200	103	0	%z	2448345.2916550925	-
247	21600	103	0	%z	2448639.3333217595	-
247	25200	103	0	%z	2455646.2916550925	-
247	28800	0	0	%z	2456955.2499884260	-
247	25200	0	0	%z	-1.0000000000	-
249	26480	0	0	LMT	2424573.1935069445	-
249	27000	0	0	%z	2427070.1874884260	-
249	28800	82	0	%z	2430404.1666550925	-
249	32400	0	0	%z	2431706.1249884260	-
249	28800	0	0	%z	-1.0000000000	-
251	27250	0	0	LMT	2416782.1845949073	-
251	28800	0	0	CST	2430349.1249884260	-
251	32400	72	0	%z	2431728.1249884260	-
251	28800	72	0	C%sT	-1.0000000000	-
252	36192	0	0	LMT	2423901.0810995372	-
252	36000	0	0	%z	2426148.0833217595	Magadan Time
252	39600	103	0	%z	2448345.1249884260	-
252	36000	103	0	%z	2448639.1666550925	-
252	39600	103	0	%z	2455646.1249884260	-
252	43200	0	0	%z	2456955.0833217595	-
252	36000	0	0	%z	2457501.1666550925	-
252	39600	0	0	%z	-1.0000000000	-
253	28656	0	0	LMT	2422317.1683217594	-
253	28656	0	0	MMT	2427009.1683217594	Macassar MT
253	28800	0	0	%z	2430397.1666550925	-
253	32400	0	0	%z	2431720.1249884260	-
253	28800	0	0	WITA	-1.0000000000	-
254	-57368	0	0	LMT	2394929.1639699074	-
254	29032	0	0	LMT	2414899.6666550925	-
254	28800	95	0	P%sT	2430398.1666550925	-
254	32400	0	0	JST	2431517.1249884260	-
254	28800	95	0	P%sT	-1.0000000000	-
256	8008	0	0	LMT	2423005.4073032406	-
256	7200	30	0	EE%sT	2451054.4166550925	-
256	7200	39	0	EE%sT	-1.0000000000	-
257	20928	0	0	LMT	2423901.2577662035	-
257	21600	0	0	%z	2426148.2499884260	-
257	25200	103	0	%z	2448345.2916550925	-
257	21600	103	0	%z	2448639.3333217595	-
257	25200	103	0	%z	2455282.2916550925	-
257	21600	103	0	%z	2455646.3333217595	-
257	25200	0	0	%z	-1.0000000000	-
258	19900	0	0	LMT	2422305.5196643518	-
258	21600	0	0	%z	2426148.2499884260	-
258	25200	103	0	%z	2448345.2916550925	-
258	21600	103	0	%z	2448639.3333217595	-
258	25200	103	0	%z	2449129.2083217595	say Shanks & P.
258	21600	103	0	%z	2455646.3333217595	-
258	25200	0	0	%z	2456955.2916550925	-
258	21600	0	0	%z	2457592.3333217595	-
258	25200	0	0	%z	-1.0000000000	-
259	17610	0	0	LMT	2422270.2961689816	-
259	18000	0	0	%z	2426148.2916550925	-
259	21600	103	0	%z	2448345.3333217595	-
259	18000	103	0	%z	2448639.3749884260	-
259	21600	103	0	%z	2455646.3333217595	-
259	25200	0	0	%z	2456955.2916550925	-
259	21600	0	0	%z	-1.0000000000	-
260	12324	0	0	LMT	2423901.3573495368	or Ural'sk
260	10800	0	0	%z	2426148.3749884260	-
260	18000	0	0	%z	2444691.2916550925	-
260	18000	0	3600	%z	2444873.2916550925	-
260	21600	0	0	%z	2445055.2499884260	-
260	18000	104	0	%z	2447610.3749884260	-
260	14400	104	0	%z	2448639.4166550925	-
260	18000	104	0	%z	2448709.3749884260	-
260	14400	104	0	%z	2453308.4166550925	-
260	18000	0	0	%z	-1.0000000000	-
262	26240	0	0	LMT	2418056.1962847221	-
262	26240	0	0	PMT	2427009.1962847221	Pontianak MT
262	27000	0	0	%z	2430383.1874884260	-
262	32400	0	0	%z	2431720.1249884260	-
262	27000	0	0	%z	2432665.1874884260	-
262	28800	0	0	%z	2433400.1666550925	-
262	27000	0	0	%z	2438389.1874884260	-
262	28800	0	0	WITA	2447155.1666550925	-
262	25200	0	0	WIB	-1.0000000000	-
263	30180	0	0	LMT	2418028.1506828703	-
263	30600	0	0	KST	2419400.1458217595	-
263	32400	0	0	JST	2431685.1249884260	-
263	32400	0	0	KST	2457249.1249884260	-
263	30600	0	0	KST	2458237.1249884260	-
263	32400	0	0	KST	-1.0000000000	-
264	12368	0	0	LMT	2422317.3568402776	Al Dawhah / Doha
264	14400	0	0	%z	2441464.3333217595	-
264	10800	0	0	%z	-1.0000000000	-
265	15268	0	0	LMT	2423901.3232754632	-
265	14400	0	0	%z	2426148.3333217595	-
265	18000	0	0	%z	2444691.2916550925	-
265	18000	0	3600	%z	2444873.2916550925	-
265	21600	0	0	%z	2445055.2499884260	-
265	18000	104	0	%z	2448345.3749884260	-
265	14400	104	0	%z	2448639.4166550925	-
265	18000	104	0	%z	2453308.3749884260	-
265	21600	0	0	%z	2460364.2499884260	-
265	18000	0	0	%z	-1.0000000000	-
266	15712	0	0	LMT	2423901.3181365742	-
266	14400	0	0	%z	2426148.3333217595	-
266	18000	0	0	%z	2444691.2916550925	-
266	18000	0	3600	%z	2444873.2916550925	-
266	21600	0	0	%z	2445055.2499884260	-
266	18000	104	0	%z	2448345.3749884260	-
266	14400	104	0	%z	2448527.4166550925	-
266	18000	104	0	%z	2448639.3749884260	-
266	21600	104	0	%z	2448709.3333217595	-
266	18000	104	0	%z	2453308.3749884260	-
266	21600	0	0	%z	2458467.2499884260	-
266	18000	0	0	%z	-1.0000000000	-
267	11212	0	0	LMT	2432252.3702199073	-
267	10800	0	0	%z	-1.0000000000	-
268	34248	0	0	LMT	2417076.1035995372	-
268	32400	0	0	%z	2431692.1249884260	-
268	39600	103	0	%z	2448345.1249884260	Sakhalin T
268	36000	103	0	%z	2448639.1666550925	-
268	39600	103	0	%z	2450537.1249884260	-
268	36000	103	0	%z	2455646.1666550925	-
268	39600	0	0	%z	2456955.1249884260	-
268	36000	0	0	%z	2457473.1666550925	-
268	39600	0	0	%z	-1.0000000000	-
269	16073	0	0	LMT	2423901.3139583333	-
269	14400	0	0	%z	2426148.3333217595	-
269	18000	0	0	%z	2444691.2916550925	-
269	18000	0	3600	%z	2444873.2916550925	-
269	21600	0	0	%z	2445055.2499884260	-
269	18000	104	0	%z	2448616.2916550925	-
269	18000	0	0	%z	-1.0000000000	-
270	30472	0	0	LMT	2418028.1473032408	-
270	30600	0	0	KST	2419400.1458217595	-
270	32400	0	0	JST	2431706.1249884260	-
270	32400	100	0	K%sT	2434821.1249884260	-
270	30600	100	0	K%sT	2437516.1458217595	-
270	32400	100	0	K%sT	-1.0000000000	-
271	29143	0	0	LMT	2415380.1626851852	-
271	28800	108	0	C%sT	2433064.1666550925	-
271	28800	89	0	C%sT	-1.0000000000	-
272	24925	0	0	LMT	2415382.2115046298	-
272	24925	0	0	SMT	2416992.2115046298	Singapore M.T.
272	25200	0	0	%z	2427072.2083217595	-
272	25200	0	1200	%z	2428164.2083217595	-
272	26400	0	0	%z	2430236.1944328705	-
272	27000	0	0	%z	2430404.1874884260	-
272	32400	0	0	%z	2431706.1249884260	-
272	27000	0	0	%z	2444965.1666550925	-
272	28800	0	0	%z	-1.0000000000	-
273	36892	0	0	LMT	2423901.0729976851	-
273	36000	0	0	%z	2426148.0833217595	-
273	39600	103	0	%z	2448345.1249884260	-
273	36000	103	0	%z	2448639.1666550925	-
273	39600	103	0	%z	2455646.1249884260	-
273	43200	0	0	%z	2456955.0833217595	-
273	39600	0	0	%z	-1.0000000000	-
274	29160	0	0	LMT	2413555.1624884261	-
274	28800	0	0	CST	2428801.1666550925	-
274	32400	0	0	JST	2431713.1666550925	-
274	28800	118	0	C%sT	-1.0000000000	-
275	16631	0	0	LMT	2423901.3075000001	-
275	18000	0	0	%z	2426148.2916550925	-
275	21600	104	0	%z	2448345.3333217595	-
275	18000	104	0	%z	2448616.2916550925	-
275	18000	0	0	%z	-1.0000000000	-
276	10751	0	0	LMT	2407708.3755555553	-
276	10751	0	0	TBMT	2423901.3755555553	Tbilisi Mean Time
276	10800	0	0	%z	2435892.3749884260	-
276	14400	104	0	%z	2448345.4166550925	-
276	10800	104	0	%z	2448616.3749884260	-
276	10800	37	0	%z	2449620.3749884260	-
276	14400	37	0	%z	2450383.3333217595	-
276	14400	0	3600	%z	2450537.3333217595	-
276	14400	37	0	%z	2453182.3333217595	-
276	10800	104	0	%z	2453456.4583217595	-
276	14400	0	0	%z	-1.0000000000	-
277	12344	0	0	LMT	2420861.3571180557	-
277	12344	0	0	TMT	2427961.3571180557	Tehran Mean Time
277	12600	61	0	%z	2443432.3541550925	-
277	14400	61	0	%z	2443870.3333217595	-
277	12600	61	0	%z	-1.0000000000	-
278	21516	0	0	LMT	2432406.2509606481	or Thimbu
278	19800	0	0	%z	2447064.2708217595	-
278	21600	0	0	%z	-1.0000000000	-
279	33539	0	0	LMT	2410637.1249884260	-
279	32400	64	0	J%sT	-1.0000000000	-
280	20391	0	0	LMT	2422312.2639814815	-
280	21600	0	0	%z	2426148.2499884260	-
280	25200	103	0	%z	2448345.2916550925	-
280	21600	103	0	%z	2448639.3333217595	-
280	25200	103	0	%z	2452391.3333217595	-
280	21600	103	0	%z	2455646.3333217595	-
280	25200	0	0	%z	2456955.2916550925	-
280	21600	0	0	%z	2457536.3333217595	-
280	25200	0	0	%z	-1.0000000000	-
281	25652	0	0	LMT	2417055.2030902780	-
281	25200	0	0	%z	2443506.2083217595	-
281	28800	80	0	%z	-1.0000000000	-
282	21020	0	0	LMT	2425243.2567013889	-
282	21600	0	0	%z	-1.0000000000	-
283	34374	0	0	LMT	2422305.1021412038	-
283	28800	0	0	%z	2426148.1666550925	-
283	32400	103	0	%z	2444691.1249884260	-
283	39600	103	0	%z	2448345.1249884260	-
283	36000	103	0	%z	2448639.1666550925	-
283	39600	103	0	%z	2455646.1249884260	-
283	43200	0	0	%z	2455813.9999884260	Decree 725?
283	39600	0	0	%z	2456955.1249884260	-
283	36000	0	0	%z	-1.0000000000	-
285	31651	0	0	LMT	2423369.1336574075	-
285	32400	0	0	%z	2426148.1249884260	-
285	36000	103	0	%z	2448345.1666550925	-
285	32400	103	0	%z	2448639.2083217595	-
285	36000	103	0	%z	2455646.1666550925	-
285	39600	0	0	%z	2456955.1249884260	-
285	36000	0	0	%z	-1.0000000000	-
286	31138	0	0	LMT	2422305.1395949074	-
286	28800	0	0	%z	2426148.1666550925	-
286	32400	103	0	%z	2448345.2083217595	-
286	28800	103	0	%z	2448639.2499884260	-
286	32400	103	0	%z	2455646.2083217595	-
286	36000	0	0	%z	2456955.1666550925	-
286	32400	0	0	%z	-1.0000000000	-
287	23087	0	0	LMT	2407708.2327777776	or Rangoon
287	23087	0	0	RMT	2422317.2327777776	Rangoon local time
287	23400	0	0	%z	2430474.2291550925	-
287	32400	0	0	%z	2431573.1249884260	-
287	23400	0	0	%z	-1.0000000000	-
288	14553	0	0	LMT	2421045.3315509260	-
288	13505	0	0	PMT	2422151.5103472224	-
288	14400	0	0	%z	2426148.3333217595	-
288	18000	103	0	%z	2448345.3749884260	-
288	14400	103	0	%z	2448639.4166550925	-
288	18000	103	0	%z	2455646.3749884260	-
288	21600	0	0	%z	2456955.3333217595	-
288	18000	0	0	%z	-1.0000000000	-
289	10680	0	0	LMT	2423901.3763773148	-
289	10800	0	0	%z	2435892.3749884260	-
289	14400	104	0	%z	2448345.4166550925	-
289	10800	104	0	%z	2449983.4583217595	-
289	14400	0	0	%z	2450443.3333217595	-
289	14400	104	0	%z	2455560.3333217595	-
289	14400	10	0	%z	-1.0000000000	-
290	-6160	0	0	LMT	2409171.5712847221	Ponta Delgada
290	-6872	0	0	HMT	2419400.5833217595	Horta MT
290	-7200	98	0	%z	2439399.6666550925	-
290	-3600	0	0	%z	2445055.5416550925	-
290	-3600	98	0	%z	2446425.5416550925	-
290	-3600	38	0	%z	2448982.5833217595	-
290	0	38	0	WE%sT	2449150.5416550925	-
290	-3600	38	0	%z	-1.0000000000	-
291	-15558	0	0	LMT	2411362.6800578702	Hamilton
291	-15558	17	0	BMT/BST	2425973.7633912037	-
291	-14400	17	0	A%sT	2442164.7499884260	-
291	-14400	24	0	A%sT	2442771.6666550925	-
291	-14400	125	0	A%sT	-1.0000000000	-
292	-3696	0	0	LMT	2423110.5427662036	Las Palmas de Gran C.
292	-3600	0	0	%z	2432091.5833217595	-
292	0	0	0	WET	2444334.4999884260	-
292	0	0	3600	WEST	2444509.5416550925	-
292	0	38	0	WE%sT	-1.0000000000	-
293	-5644	0	0	LMT	2419400.5833217595	Praia
293	-7200	0	0	%z	2430600.5833217595	-
293	-7200	0	3600	%z	2431741.5833217595	-
293	-7200	0	0	%z	2442738.6666550925	-
293	-3600	0	0	%z	-1.0000000000	-
294	-1624	0	0	LMT	2417951.5187847223	Tórshavn
294	0	0	0	WET	2444598.4999884260	-
294	0	38	0	WE%sT	-1.0000000000	-
295	-4056	0	0	LMT	2409171.5469328705	Funchal
295	-4056	0	0	FMT	2419400.5416550925	Funchal MT
295	-3600	98	0	%z	2439399.6249884260	-
295	0	0	0	WET	2445062.4999884260	-
295	0	98	0	WE%sT	2446637.4999884260	-
295	0	38	0	WE%sT	-1.0000000000	-
297	-8768	0	0	LMT	2411362.6014699074	Grytviken
297	-7200	0	0	%z	-1.0000000000	-
299	-13884	0	0	LMT	2411362.6606828705	-
299	-13884	0	0	SMT	2419470.6606828705	Stanley Mean Time
299	-14400	45	0	%z	2445447.6666550925	-
299	-10800	45	0	%z	2446322.6249884260	-
299	-14400	45	0	%z	2455443.7499884260	-
299	-10800	0	0	%z	-1.0000000000	-
300	33260	0	0	LMT	2413219.1150347223	-
300	32400	0	0	ACST	2414773.1249884260	-
300	34200	11	0	AC%sT	2440944.1041550925	-
300	34200	3	0	AC%sT	-1.0000000000	-
301	36728	0	0	LMT	2413189.0748958332	-
301	36000	11	0	AE%sT	2440944.0833217595	-
301	36000	2	0	AE%sT	-1.0000000000	-
302	33948	0	0	LMT	2413219.1070717592	-
302	36000	0	0	AEST	2413793.0833217595	-
302	32400	0	0	ACST	2414773.1249884260	-
302	34200	11	0	AC%sT	2440944.1041550925	-
302	34200	1	0	AC%sT	2451542.1041550925	-
302	34200	3	0	AC%sT	-1.0000000000	-
303	31400	0	0	LMT	2413219.1365625001	-
303	32400	0	0	ACST	2414773.1249884260	-
303	34200	11	0	AC%sT	-1.0000000000	-
304	30928	0	0	LMT	2413520.1420254628	-
304	31500	11	0	%z	2430901.1354050925	-
304	31500	6	0	%z	-1.0000000000	-
305	35356	0	0	LMT	2413429.0907754628	-
305	36000	4	0	AE%sT	2422249.0833217595	-
305	36000	11	0	AE%sT	2439488.0833217595	-
305	36000	4	0	AE%sT	-1.0000000000	-
306	35756	0	0	LMT	2413189.0861458331	-
306	36000	11	0	AE%sT	2440944.0833217595	-
306	36000	2	0	AE%sT	2448800.0833217595	-
306	36000	57	0	AE%sT	-1.0000000000	-
307	38180	0	0	LMT	2413219.0580902779	-
307	36000	0	0	AEST	2444656.0833217595	-
307	37800	67	0	%z	2446245.0624884260	-
307	37800	67	0	%z	-1.0000000000	-
308	34792	0	0	LMT	2413219.0973032406	-
308	36000	11	0	AE%sT	2440944.0833217595	-
308	36000	5	0	AE%sT	-1.0000000000	-
309	27804	0	0	LMT	2413520.1781828701	-
309	28800	11	0	AW%sT	2430901.1666550925	-
309	28800	6	0	AW%sT	-1.0000000000	-
310	36292	0	0	LMT	2413219.0799421296	-
310	36000	11	0	AE%sT	2440944.0833217595	-
310	36000	1	0	AE%sT	-1.0000000000	-
0	0	0	0	GMT	-1.0000000000	-
0	-3600	0	0	%z	-1.0000000000	-
0	-36000	0	0	%z	-1.0000000000	-
0	-39600	0	0	%z	-1.0000000000	-
0	-43200	0	0	%z	-1.0000000000	-
0	-7200	0	0	%z	-1.0000000000	-
0	-10800	0	0	%z	-1.0000000000	-
0	-14400	0	0	%z	-1.0000000000	-
0	-18000	0	0	%z	-1.0000000000	-
0	-21600	0	0	%z	-1.0000000000	-
0	-25200	0	0	%z	-1.0000000000	-
0	-28800	0	0	%z	-1.0000000000	-
0	-32400	0	0	%z	-1.0000000000	-
0	3600	0	0	%z	-1.0000000000	-
0	36000	0	0	%z	-1.0000000000	-
0	39600	0	0	%z	-1.0000000000	-
0	43200	0	0	%z	-1.0000000000	-
0	46800	0	0	%z	-1.0000000000	-
0	50400	0	0	%z	-1.0000000000	-
0	7200	0	0	%z	-1.0000000000	-
0	10800	0	0	%z	-1.0000000000	-
0	14400	0	0	%z	-1.0000000000	-
0	18000	0	0	%z	-1.0000000000	-
0	21600	0	0	%z	-1.0000000000	-
0	25200	0	0	%z	-1.0000000000	-
0	28800	0	0	%z	-1.0000000000	-
0	32400	0	0	%z	-1.0000000000	-
0	0	0	0	UTC	-1.0000000000	-
312	364	0	0	LMT	2415380.4957754631	-
312	0	0	0	WET	2432091.4999884260	-
312	3600	0	0	CET	2446154.5416550925	-
312	3600	38	0	CE%sT	-1.0000000000	-
313	11532	0	0	LMT	2423901.3665162036	-
313	10800	0	0	%z	2426148.3749884260	-
313	14400	103	0	%z	2447610.4166550925	-
313	10800	103	0	%z	2448345.4583217595	-
313	14400	0	0	%z	2448709.4166550925	-
313	10800	103	0	%z	2455646.4583217595	-
313	14400	0	0	%z	2456955.4166550925	-
313	10800	0	0	%z	2457473.4583217595	-
313	14400	0	0	%z	-1.0000000000	-
314	5692	0	0	LMT	2413450.4341087961	-
314	5692	0	0	AMT	2421066.4348032409	Athens MT
314	7200	51	0	EE%sT	2430110.4166550925	-
314	3600	51	0	CE%sT	2431181.4583217595	-
314	7200	51	0	EE%sT	2444598.4166550925	-
314	7200	38	0	EE%sT	-1.0000000000	-
315	4920	0	0	LMT	2409171.4430439817	-
315	3600	0	0	CET	2430097.4166550925	-
315	3600	20	0	CE%sT	2431452.4583217595	-
315	3600	0	0	CET	2431580.5416550925	-
315	3600	0	3600	CEST	2431713.5416550925	-
315	3600	0	0	CET	2445300.4583217595	-
315	3600	38	0	CE%sT	-1.0000000000	-
316	3208	0	0	LMT	2412547.4628587961	-
316	3600	20	0	CE%sT	2431594.5416550925	-
316	3600	109	0	CE%sT	2431816.4583217595	-
316	3600	50	0	CE%sT	2444234.4583217595	-
316	3600	38	0	CE%sT	-1.0000000000	-
318	1050	0	0	LMT	2407708.4878356480	-
318	1050	0	0	BMT	2412218.4999884260	-
318	0	0	0	WET	2420443.4999884260	-
318	3600	0	0	CET	2420982.4583217595	-
318	3600	20	0	CE%sT	2421906.9583217595	-
318	0	15	0	WE%sT	2429767.5833217595	-
318	3600	20	0	CE%sT	2431335.4583217595	-
318	3600	15	0	CE%sT	2443142.4583217595	-
318	3600	38	0	CE%sT	-1.0000000000	-
319	6264	0	0	LMT	2412001.4274884257	-
319	6264	0	0	BMT	2426540.4274884257	Bucharest MT
319	7200	102	0	EE%sT	2444691.4999884260	-
319	7200	20	0	EE%sT	2448252.4166550925	-
319	7200	102	0	EE%sT	2449351.4166550925	-
319	7200	36	0	EE%sT	2450443.4166550925	-
319	7200	38	0	EE%sT	-1.0000000000	-
320	4580	0	0	LMT	2411672.4469791665	-
320	3600	20	0	CE%sT	2421589.4583217595	-
320	3600	59	0	CE%sT	2430090.4166550925	-
320	3600	20	0	CE%sT	2431452.4583217595	-
320	3600	59	0	CE%sT	2445697.4583217595	-
320	3600	38	0	CE%sT	-1.0000000000	-
322	6920	0	0	LMT	2407708.4198958334	-
322	6900	0	0	CMT	2421633.4201273150	Chisinau MT
322	6264	0	0	BMT	2426540.4274884257	Bucharest MT
322	7200	102	0	EE%sT	2429851.4166550925	-
322	7200	0	3600	EEST	2430187.4166550925	-
322	3600	20	0	CE%sT	2431321.4583217595	-
322	10800	103	0	MSK/MSD	2448016.4583217595	-
322	7200	103	0	EE%sT	2448616.4166550925	-
322	7200	36	0	EE%sT	2450443.4166550925	-
322	7200	78	0	EE%sT	-1.0000000000	-
324	-1521	0	0	LMT	2407927.5175925926	-
324	-1521	0	0	DMT	2421003.6009259261	-
324	-1521	0	3600	IST	2421136.6009259261	-
324	0	49	0	%s	2423026.4999884260	independence
324	0	49	0	GMT/IST	2429683.5833217595	-
324	0	0	3600	IST	2432098.5833217595	-
324	0	0	0	GMT	2432259.5833217595	-
324	0	0	3600	IST	2432490.5833217595	-
324	0	0	0	GMT	2432658.5833217595	-
324	0	49	0	GMT/IST	2440155.4999884260	-
324	3600	44	0	IST/GMT	-1.0000000000	-
325	-1284	0	0	LMT	2407927.5148495371	-
325	0	49	0	%s	2435941.5833217595	-
325	3600	0	0	CET	2444962.4583217595	-
325	3600	38	0	CE%sT	-1.0000000000	-
327	5989	0	0	LMT	2407129.4306712961	-
327	5989	0	0	HMT	2422802.4306712961	Helsinki Mean Time
327	7200	47	0	EE%sT	2445333.4166550925	-
327	7200	38	0	EE%sT	-1.0000000000	-
329	6952	0	0	LMT	2407708.4195254631	-
329	7016	0	0	IMT	2418938.4187847222	Istanbul Mean Time?
329	7200	124	0	EE%sT	2443683.4166550925	-
329	10800	124	0	%z	2446000.4583217595	-
329	7200	124	0	EE%sT	2454097.4166550925	-
329	7200	38	0	EE%sT	2455646.5416550925	-
329	7200	0	0	EET	2455646.5416550925	-
329	7200	38	0	EE%sT	2456745.5416550925	-
329	7200	0	0	EET	2456745.5416550925	-
329	7200	38	0	EE%sT	2457319.5416550925	-
329	7200	0	3600	EEST	2457333.5416550925	-
329	7200	38	0	EE%sT	2457634.4166550925	-
329	10800	0	0	%z	-1.0000000000	-
331	4920	0	0	LMT	2412547.4430439817	-
331	3600	20	0	CE%sT	2431552.4583217595	-
331	7200	97	0	EE%sT	2431916.4166550925	-
331	10800	103	0	MSK/MSD	2447610.4583217595	-
331	7200	103	0	EE%sT	2455646.4999884260	-
331	10800	0	0	%z	2456955.4583217595	-
331	7200	0	0	EET	-1.0000000000	-
332	11928	0	0	LMT	2422137.4999884260	-
332	10800	0	0	%z	2426148.3749884260	-
332	14400	103	0	%z	2447610.4166550925	-
332	10800	103	0	MSK/MSD	2448345.4583217595	-
332	14400	0	0	%z	2448709.4166550925	-
332	10800	103	0	MSK/MSD	2455646.4583217595	-
332	14400	0	0	MSK	2456955.4166550925	-
332	10800	0	0	MSK	-1.0000000000	-
333	7324	0	0	LMT	2407708.4152199072	-
333	7324	0	0	KMT	2423901.4152199072	Kyiv Mean Time
333	7200	0	0	EET	2426148.4166550925	-
333	10800	0	0	MSK	2430257.3749884260	-
333	3600	20	0	CE%sT	2431034.4583217595	-
333	10800	103	0	MSK/MSD	2448072.4583217595	-
333	7200	0	3600	EEST	2448527.5416550925	-
333	7200	20	0	EE%sT	2450214.4166550925	-
333	7200	38	0	EE%sT	-1.0000000000	-
334	-2205	0	0	LMT	2409171.5255092592	-
334	-2205	0	0	LMT	2419400.4999884260	Lisbon MT
334	0	98	0	WE%sT	2439399.5833217595	-
334	3600	0	0	CET	2443046.4999884260	-
334	0	98	0	WE%sT	2446425.4999884260	-
334	0	38	0	WE%sT	2448891.5416550925	-
334	3600	38	0	CE%sT	2450172.5416550925	-
334	0	38	0	WE%sT	-1.0000000000	-
336	-75	0	0	LMT	2395992.5008564815	-
336	0	49	0	%s	2440155.4999884260	-
336	3600	0	0	BST	2441254.5833217595	-
336	0	49	0	%s	2450079.4999884260	-
336	0	38	0	GMT/BST	-1.0000000000	-
338	-884	0	0	LMT	2415382.4999884260	-
338	0	110	0	WE%sT	2429705.4583217595	-
338	3600	110	0	CE%sT	2443870.4583217595	-
338	3600	38	0	CE%sT	-1.0000000000	-
339	3484	0	0	LMT	2412764.4596643518	Valletta
339	3600	63	0	CE%sT	2441772.4583217595	-
339	3600	73	0	CE%sT	2444598.4583217595	-
339	3600	38	0	CE%sT	-1.0000000000	-
341	6616	0	0	LMT	2407708.4234143519	-
341	6600	0	0	MMT	2423901.4235995370	Minsk Mean Time
341	7200	0	0	EET	2426148.4166550925	-
341	10800	0	0	MSK	2430173.3749884260	-
341	3600	20	0	CE%sT	2431272.4583217595	-
341	10800	103	0	MSK/MSD	2447888.3749884260	-
341	10800	0	0	MSK	2448345.4583217595	-
341	7200	103	0	EE%sT	2455646.4999884260	-
341	10800	0	0	%z	-1.0000000000	-
343	9017	0	0	LMT	2407708.3956249999	-
343	9017	0	0	MMT	2421045.3956249999	Moscow Mean Time
343	9079	103	0	%s	2422137.4999884260	-
343	10800	103	0	%s	2422956.3749884260	-
343	10800	103	0	MSK/MSD	2423320.3749884260	-
343	7200	0	0	EET	2426148.4166550925	-
343	10800	103	0	MSK/MSD	2448345.4583217595	-
343	7200	103	0	EE%sT	2448639.4999884260	-
343	10800	103	0	MSK/MSD	2455646.4583217595	-
343	14400	0	0	MSK	2456955.4166550925	-
343	10800	0	0	MSK	-1.0000000000	-
345	561	0	0	LMT	2411805.4934953703	-
345	561	0	0	PMT	2419106.4934953703	Paris Mean Time
345	0	48	0	WE%sT	2429789.4583217595	-
345	3600	20	0	CE%sT	2431321.4583217595	-
345	0	48	0	WE%sT	2431713.6249884260	-
345	3600	48	0	CE%sT	2443142.4583217595	-
345	3600	38	0	CE%sT	-1.0000000000	-
347	3464	0	0	LMT	2396753.4598958334	-
347	3464	0	0	PMT	2412001.4598958334	Prague Mean Time
347	3600	20	0	CE%sT	2431580.4583217595	-
347	3600	31	0	CE%sT	2432154.5833217595	-
347	3600	0	-3600	GMT	2432238.5416550925	-
347	3600	31	0	CE%sT	2443870.4583217595	-
347	3600	38	0	CE%sT	-1.0000000000	-
348	5794	0	0	LMT	2407708.4329282409	-
348	5794	0	0	RMT	2421696.5162615739	Riga MT
348	5794	0	3600	LST	2421850.5579282409	Latvian ST
348	5794	0	0	RMT	2422046.5162615739	-
348	5794	0	3600	LST	2422095.5579282409	-
348	5794	0	0	RMT	2424643.4329282409	-
348	7200	0	0	EET	2429844.4166550925	-
348	10800	0	0	MSK	2430173.3749884260	-
348	3600	20	0	CE%sT	2431370.4583217595	-
348	10800	103	0	MSK/MSD	2447611.4583217595	-
348	7200	0	3600	EEST	2447793.4999884260	-
348	7200	68	0	EE%sT	2450466.4166550925	-
348	7200	38	0	EE%sT	2451600.4166550925	-
348	7200	0	0	EET	2451908.4166550925	-
348	7200	38	0	EE%sT	-1.0000000000	-
349	2996	0	0	LMT	2402943.4653125000	-
349	2996	0	0	RMT	2412765.4583217595	Rome Mean
349	3600	63	0	CE%sT	2430971.4583217595	-
349	3600	20	0	CE%sT	2431244.4583217595	-
349	3600	63	0	CE%sT	2444234.4583217595	-
349	3600	38	0	CE%sT	-1.0000000000	-
350	12020	0	0	LMT	2422137.4999884260	-
350	10800	0	0	%z	2426148.3749884260	-
350	14400	0	0	%z	2427828.3333217595	-
350	14400	103	0	%z	2447610.4166550925	-
350	10800	103	0	%z	2448345.4583217595	-
350	7200	103	0	%z	2448527.4999884260	-
350	10800	0	0	%z	2448548.4999884260	-
350	14400	103	0	%z	2455282.4166550925	-
350	10800	103	0	%z	2455646.4583217595	-
350	14400	0	0	%z	-1.0000000000	-
353	11058	0	0	LMT	2422137.4999884260	-
353	10800	0	0	%z	2426148.3749884260	-
353	14400	103	0	%z	2447246.4166550925	-
353	10800	103	0	%z	2448345.4583217595	-
353	14400	0	0	%z	2448709.4166550925	-
353	10800	103	0	%z	2455646.4583217595	-
353	14400	0	0	%z	2456955.4166550925	-
353	10800	0	0	%z	2457725.4583217595	-
353	14400	0	0	%z	-1.0000000000	-
354	8184	0	0	LMT	2407708.4052662039	-
354	8160	0	0	SMT	2423901.4055439816	Simferopol Mean T
354	7200	0	0	EET	2426148.4166550925	-
354	10800	0	0	MSK	2430292.3749884260	-
354	3600	20	0	CE%sT	2431188.4583217595	-
354	10800	103	0	MSK/MSD	2447888.3749884260	-
354	10800	0	0	MSK	2448072.4583217595	-
354	7200	0	0	EET	2448695.4166550925	-
354	7200	20	0	EE%sT	2449465.4166550925	-
354	10800	20	0	MSK/MSD	2450172.3749884260	-
354	10800	0	3600	MSD	2450382.4999884260	-
354	10800	0	0	MSK	2450537.5416550925	-
354	7200	38	0	EE%sT	2456745.4999884260	-
354	14400	0	0	MSK	2456955.4166550925	-
354	10800	0	0	MSK	-1.0000000000	-
356	5596	0	0	LMT	2407708.4352199072	-
356	7016	0	0	IMT	2413156.4187847222	Istanbul MT?
356	7200	0	0	EET	2430663.5416550925	-
356	3600	20	0	CE%sT	2431452.4583217595	-
356	3600	0	0	CET	2431545.5833217595	-
356	7200	0	0	EET	2443964.3749884260	-
356	7200	19	0	EE%sT	2445237.5416550925	-
356	7200	20	0	EE%sT	2448252.4166550925	-
356	7200	36	0	EE%sT	2450443.4166550925	-
356	7200	38	0	EE%sT	-1.0000000000	-
358	5940	0	0	LMT	2407708.4312384259	-
358	5940	0	0	TMT	2421619.4312384259	Tallinn Mean Time
358	3600	20	0	CE%sT	2422137.4583217595	-
358	5940	0	0	TMT	2422802.4312384259	-
358	7200	0	0	EET	2429844.4166550925	-
358	10800	0	0	MSK	2430250.3749884260	-
358	3600	20	0	CE%sT	2431349.4583217595	-
358	10800	103	0	MSK/MSD	2447610.4583217595	-
358	7200	0	3600	EEST	2447792.4999884260	-
358	7200	20	0	EE%sT	2451075.4166550925	-
358	7200	38	0	EE%sT	2451481.5833217595	-
358	7200	0	0	EET	2452321.4166550925	-
358	7200	38	0	EE%sT	-1.0000000000	-
359	4760	0	0	LMT	2420126.4448958333	-
359	3600	0	0	CET	2429795.4583217595	-
359	3600	7	0	CE%sT	2445874.4583217595	-
359	3600	38	0	CE%sT	-1.0000000000	-
360	11616	0	0	LMT	2422137.4999884260	-
360	10800	0	0	%z	2426148.3749884260	-
360	14400	103	0	%z	2447610.4166550925	-
360	10800	103	0	%z	2448345.4583217595	-
360	7200	103	0	%z	2448639.4999884260	-
360	10800	103	0	%z	2455646.4583217595	-
360	14400	0	0	%z	2456955.4166550925	-
360	10800	0	0	%z	2457473.4583217595	-
360	14400	0	0	%z	-1.0000000000	-
363	3921	0	0	LMT	2412547.4546064814	-
363	3600	20	0	CE%sT	2422317.4583217595	-
363	3600	12	0	CE%sT	2429718.5416550925	-
363	3600	20	0	CE%sT	2431545.5416550925	-
363	3600	0	3600	CEST	2431552.5416550925	-
363	3600	0	0	CET	2431816.4583217595	-
363	3600	12	0	CE%sT	2444598.4583217595	-
363	3600	38	0	CE%sT	-1.0000000000	-
364	6076	0	0	LMT	2407708.4296643520	-
364	5040	0	0	WMT	2421225.4416550924	Warsaw Mean Time
364	5736	0	0	KMT	2422235.4335995372	Kaunas Mean Time
364	3600	0	0	CET	2422515.4583217595	-
364	7200	0	0	EET	2422606.4166550925	-
364	3600	0	0	CET	2429844.4583217595	-
364	10800	0	0	MSK	2430166.3749884260	-
364	3600	20	0	CE%sT	2431300.4583217595	-
364	10800	103	0	MSK/MSD	2447610.4583217595	-
364	7200	103	0	EE%sT	2448527.4999884260	-
364	7200	20	0	EE%sT	2450807.4166550925	-
364	7200	0	0	EET	2450900.5416550925	-
364	3600	38	0	CE%sT	2451481.5416550925	-
364	7200	0	0	EET	2452636.4166550925	-
364	7200	38	0	EE%sT	-1.0000000000	-
365	10660	0	0	LMT	2422326.3766087964	-
365	10800	0	0	%z	2426148.3749884260	-
365	14400	0	0	%z	2437614.3333217595	-
365	14400	103	0	%z	2447246.4166550925	-
365	10800	103	0	MSK/MSD	2448345.4583217595	-
365	14400	0	0	%z	2448709.4166550925	-
365	10800	103	0	MSK/MSD	2455646.4583217595	-
365	14400	0	0	MSK	2456955.4166550925	-
365	10800	0	0	MSK	2458418.4583217595	-
365	14400	0	0	%z	2459209.4166550925	-
365	10800	0	0	MSK	-1.0000000000	-
366	5040	0	0	LMT	2407708.4416550924	-
366	5040	0	0	WMT	2420709.4416550924	Warsaw Mean Time
366	3600	20	0	CE%sT	2421850.5833217595	-
366	7200	97	0	EE%sT	2423201.4166550925	-
366	3600	97	0	CE%sT	2429802.5416550925	-
366	3600	20	0	CE%sT	2431356.4583217595	-
366	3600	97	0	CE%sT	2443142.4583217595	-
366	3600	130	0	CE%sT	2447153.4583217595	-
366	3600	38	0	CE%sT	-1.0000000000	-
368	2048	0	0	LMT	2398050.4762847223	See above comment.
368	1786	0	0	BMT	2412974.4793171296	Bern Mean Time
368	3600	116	0	CE%sT	2444598.4583217595	-
368	3600	38	0	CE%sT	-1.0000000000	-
370	17380	0	0	LMT	2417571.2988310186	-
370	18000	0	0	%z	2450079.2916550925	-
370	21600	0	0	%z	-1.0000000000	-
376	17640	0	0	LMT	2407708.2958217594	Malé
376	17640	0	0	MMT	2436926.2958217594	Malé Mean Time
376	18000	0	0	%z	-1.0000000000	-
377	13800	0	0	LMT	2417571.3402662035	Port Louis
377	14400	75	0	%z	-1.0000000000	-
380	45184	0	0	LMT	2412280.9770254628	-
380	-41216	0	0	LMT	2419034.9770254628	-
380	-41400	0	0	%z	2433279.9791550925	-
380	-39600	131	0	%z	2455920.9583217595	-
380	46800	131	0	%z	-1.0000000000	-
381	41944	0	0	LMT	2403636.0145254629	-
381	41400	86	0	NZ%sT	2431818.0208217595	-
381	43200	86	0	NZ%sT	-1.0000000000	-
382	37336	0	0	LMT	2407708.0678587961	-
382	35312	0	0	PMMT	2413189.0912847221	-
382	36000	0	0	%z	2430537.0833217595	-
382	32400	0	0	%z	2431685.1249884260	-
382	36000	0	0	%z	2457018.1666550925	-
382	39600	0	0	%z	-1.0000000000	-
383	44028	0	0	LMT	2403635.9904050925	-
383	44100	0	0	%z	2431817.9895717595	-
383	45900	25	0	%z	-1.0000000000	-
385	-26248	0	0	LMT	2411362.8037847220	-
385	-26248	0	0	EMT	2426946.8037847220	Easter Mean Time
385	-25200	27	0	%z	2445041.6249884260	Easter Time
385	-21600	27	0	%z	-1.0000000000	-
386	40396	0	0	LMT	2419414.0324421297	Vila
386	39600	128	0	%z	-1.0000000000	-
387	-41096	0	0	LMT	2415380.9756365740	-
387	-39600	0	0	%z	2455919.9583217595	-
387	46800	0	0	%z	-1.0000000000	-
388	42944	0	0	LMT	2420793.0029513887	Suva
388	43200	46	0	%z	-1.0000000000	-
390	-21504	0	0	LMT	2426335.7488773149	Puerto Baquerizo Moreno
390	-18000	0	0	%z	2446425.7083217595	-
390	-21600	40	0	%z	-1.0000000000	-
391	-32388	0	0	LMT	2419673.8748495369	Rikitea
391	-32400	0	0	%z	-1.0000000000	-
392	38388	0	0	LMT	2419673.0556828706	Honiara
392	39600	0	0	%z	-1.0000000000	-
393	-51660	0	0	LMT	2394929.0979050924	-
393	34740	0	0	LMT	2415380.0979050924	Agana
393	36000	0	0	GST	2430334.0833217595	Guam
393	32400	0	0	%z	2431300.1249884260	-
393	36000	52	0	G%sT	2451901.0833217595	-
393	36000	0	0	ChST	-1.0000000000	-
394	-37886	0	0	LMT	2413570.4384837961	-
394	-37800	0	0	HST	2427192.0208217595	-
394	-37800	0	3600	HDT	2427213.4374884260	-
394	-37800	125	0	H%sT	2432344.0208217595	-
394	-36000	0	0	HST	-1.0000000000	-
395	0	0	0	-00	2428773.4999884260	-
395	-43200	0	0	%z	2444145.9999884260	-
395	-39600	0	0	%z	2449717.9583217595	-
395	46800	0	0	%z	-1.0000000000	-
396	-37760	0	0	LMT	2415380.9370254627	-
396	-38400	0	0	%z	2444145.9444328705	-
396	-36000	0	0	%z	2449717.9166550925	-
396	50400	0	0	%z	-1.0000000000	-
397	-47284	0	0	LMT	2394929.0472569442	-
397	39116	0	0	LMT	2415380.0472569442	-
397	39600	0	0	%z	2420401.0416550925	-
397	32400	0	0	%z	2421990.1249884260	-
397	39600	0	0	%z	2428526.0416550925	-
397	36000	0	0	%z	2430082.0833217595	-
397	32400	0	0	%z	2431664.1249884260	-
397	39600	0	0	%z	2440491.0416550925	-
397	43200	0	0	%z	2451170.9999884260	-
397	39600	0	0	%z	-1.0000000000	-
398	40160	0	0	LMT	2415380.0351736112	-
398	39600	0	0	%z	2428526.0416550925	-
398	36000	0	0	%z	2430082.0833217595	-
398	32400	0	0	%z	2431125.1249884260	-
398	39600	0	0	%z	2440491.0416550925	-
398	-43200	0	0	%z	2449214.9999884260	-
398	43200	0	0	%z	-1.0000000000	-
400	-33480	0	0	LMT	2419673.8874884257	-
400	-34200	0	0	%z	-1.0000000000	-
402	40060	0	0	LMT	2422704.0363310184	Uaobe
402	41400	0	0	%z	2430600.0208217595	-
402	32400	0	0	%z	2431706.1249884260	-
402	41400	0	0	%z	2443914.1041550925	-
402	43200	0	0	%z	-1.0000000000	-
403	-40780	0	0	LMT	2434296.9719791668	Alofi
403	-40800	0	0	%z	2438573.9722106480	-
403	-39600	0	0	%z	-1.0000000000	-
404	40312	0	0	LMT	2415380.0334143518	Kingston
404	40320	0	0	%z	2433643.0333217592	-
404	41400	0	0	%z	2442346.1041550925	-
404	41400	0	3600	%z	2442472.1041550925	-
404	41400	0	0	%z	2457298.1041550925	-
404	39600	0	0	%z	2458663.0416550925	-
404	39600	1	0	%z	-1.0000000000	-
405	39948	0	0	LMT	2419414.0376273147	Nouméa
405	39600	83	0	%z	-1.0000000000	-
406	45432	0	0	LMT	2412280.9741550926	-
406	-40968	0	0	LMT	2419034.9741550926	-
406	-39600	0	0	SST	-1.0000000000	-
407	-54124	0	0	LMT	2394929.1264236113	Koror
407	32276	0	0	LMT	2415380.1264236113	-
407	32400	0	0	%z	-1.0000000000	-
408	-31220	0	0	LMT	2415380.8613310186	Adamstown
408	-30600	0	0	%z	2450928.8541550925	-
408	-28800	0	0	%z	-1.0000000000	-
410	35320	0	0	LMT	2407708.0911921295	-
410	35312	0	0	PMMT	2413189.0912847221	Port Moresby Mean Time
410	36000	0	0	%z	-1.0000000000	-
411	48056	0	0	LMT	2415010.9437847221	Avarua
411	-38344	0	0	LMT	2434296.9437847221	-
411	-37800	0	0	%z	2443823.9374884260	-
411	-36000	28	0	%z	-1.0000000000	-
413	-35896	0	0	LMT	2419673.9154513888	Papeete
413	-36000	0	0	%z	-1.0000000000	-
414	41524	0	0	LMT	2415380.0193865742	Bairiki
414	43200	0	0	%z	-1.0000000000	-
415	44352	0	0	LMT	2431705.9866550928	-
415	44400	0	0	%z	2437296.9860995370	-
415	46800	0	0	%z	2451170.9583217595	-
415	46800	120	0	%z	-1.0000000000	-
